0.39
0.46
0.42
0.53
0.5800000000000001
0.55
0.61
0.63
0.51
0.41000000000000003
0.43
0.43000000000000005
0.37
0.45000000000000007
0.5
0.56
0.56
0.55
0.48000000000000004
0.54
0.49
0.45
0.51
0.36
0.38
0.53
0.56
0.52
0.59
0.53
0.54
0.51
0.37
0.37
0.42
0.45999999999999996
0.49
0.53
0.45999999999999996
0.52
0.49
0.5800000000000001
0.42
0.4
0.38
0.39
0.49
0.58
0.5700000000000001
0.65
0.57
0.55
0.44
0.34
0.33
0.36
0.38
0.52
0.6
0.67
0.59
0.54
0.52
0.48
0.29000000000000004
0.31
0.38
0.47
0.44
0.6499999999999999
0.5599999999999999
0.62
0.53
0.44
0.44999999999999996
0.30000000000000004
0.25
0.37
0.48000000000000004
0.5
0.63
0.6
0.62
0.61
0.51
0.28
0.33
0.35
0.44
0.37
0.5700000000000001
0.54
0.6799999999999999
0.59
0.5599999999999999
0.41000000000000003
0.4
0.36
0.35
0.36000000000000004
0.51
0.64
0.63
0.6799999999999999
0.52
0.41000000000000003
0.36
0.3
0.32
0.32
0.35000000000000003
0.6499999999999999
0.57
0.6
0.63
0.51
0.41000000000000003
0.29000000000000004
0.23
0.34
0.41
0.54
0.65
0.59
0.67
0.5
0.47000000000000003
0.33999999999999997
0.28
0.3
0.29000000000000004
0.49
0.56
0.6
0.65
0.63
0.62
0.35
0.29000000000000004
0.22999999999999998
0.19
0.33
0.52
0.49
0.72
0.5700000000000001
0.55
0.42
0.31
0.25
0.27
0.25
0.51
0.52
0.62
0.64
0.65
0.5
0.34
0.32
0.18000000000000002
0.22
0.32999999999999996
0.53
0.54
0.68
0.7000000000000001
0.5900000000000001
0.52
0.33
0.24
0.26
0.28
0.41
0.51
0.73
0.68
0.58
0.49
0.4
0.29000000000000004
0.22999999999999998
0.22
0.31
0.45
0.66
0.63
0.6000000000000001
0.54
0.42
0.35
0.27
0.22
0.23
0.45999999999999996
0.46
0.61
0.61
0.64
0.5700000000000001
0.39
0.33
0.29000000000000004
0.22999999999999998
0.26
0.43999999999999995
0.53
0.7000000000000001
0.66
0.63
0.5700000000000001
0.38
0.23
0.22000000000000003
0.25
0.37
0.43999999999999995
0.6
0.66
0.61
0.53
0.5
0.31000000000000005
0.25
0.34
0.32
0.33
0.55
0.56
0.6799999999999999
0.7
0.49
0.42
0.26
0.32
0.32
0.33999999999999997
0.45999999999999996
0.47
0.68
0.74
0.6
0.44999999999999996
0.35
0.28
0.22
0.38
0.51
0.44
0.65
0.6699999999999999
0.6699999999999999
0.48
0.45
0.29
0.29
0.32
0.44000000000000006
0.51
0.54
0.6900000000000001
0.61
0.5900000000000001
0.53
0.43
0.38
0.32999999999999996
0.37
0.47000000000000003
0.55
0.73
0.68
0.65
0.53
0.38
0.31
0.33999999999999997
0.23
0.35
0.46
0.49
0.69
0.6599999999999999
0.55
0.49
0.44
0.38
0.32
0.36
0.53
0.4
0.54
0.64
0.62
0.37
0.41000000000000003
0.35000000000000003
0.31
0.32
0.43000000000000005
0.44
0.5700000000000001
0.51
0.54
0.54
0.52
0.43
0.41
0.28
0.26
0.42000000000000004
0.45999999999999996
0.52
0.56
0.63
0.5700000000000001
0.56
0.47
0.5
0.32
0.36
0.4
0.59
0.6000000000000001
0.5700000000000001
0.58
0.54
0.51
0.51
0.52
0.36
0.41000000000000003
0.43
0.48
0.49
0.5900000000000001
0.53
0.5
0.49
0.46
0.42000000000000004
0.43999999999999995
0.47000000000000003
0.44
0.59
0.56
0.48
0.51
0.5
0.42
0.48
0.45999999999999996
0.41000000000000003
0.38
0.47
0.46
0.53
0.52
0.52
0.5900000000000001
0.5
0.53
0.4
0.38
0.48
0.47000000000000003
0.57
0.5800000000000001
0.53
0.41
0.39
0.51
0.48
0.44999999999999996
0.45999999999999996
0.49
0.5
0.51
0.53
0.47
0.46
0.57
0.5
0.44
0.42
0.52
0.5599999999999999
0.44000000000000006
0.38
0.58
0.62
0.59
0.52
0.49
0.37
0.41000000000000003
0.45999999999999996
0.45999999999999996
0.45999999999999996
0.53
