0.43
0.46
0.51
0.43999999999999995
0.5
0.51
0.52
0.5800000000000001
0.48000000000000004
0.38
0.39
0.38
0.42000000000000004
0.48000000000000004
0.49
0.53
0.48000000000000004
0.44
0.56
0.45
0.45999999999999996
0.45999999999999996
0.42
0.31
0.44999999999999996
0.49
0.56
0.6
0.51
0.52
0.53
0.41000000000000003
0.29000000000000004
0.45999999999999996
0.42000000000000004
0.49
0.56
0.47
0.54
0.6599999999999999
0.52
0.53
0.42000000000000004
0.4
0.39
0.35
0.45
0.6
0.55
0.58
0.5
0.47
0.53
0.44
0.39
0.37
0.45999999999999996
0.55
0.52
0.6000000000000001
0.74
0.55
0.48000000000000004
0.46
0.42000000000000004
0.37
0.33
0.44
0.45
0.62
0.5599999999999999
0.59
0.52
0.45
0.41000000000000003
0.4
0.42
0.31999999999999995
0.47
0.55
0.67
0.5800000000000001
0.6699999999999999
0.6000000000000001
0.54
0.35
0.38
0.37
0.41000000000000003
0.49
0.45999999999999996
0.5
0.62
0.6200000000000001
0.36
0.42000000000000004
0.32
0.22
0.28
0.43
0.44
0.5
0.6699999999999999
0.64
0.54
0.44
0.36
0.35
0.27
0.33999999999999997
0.43000000000000005
0.57
0.65
0.76
0.61
0.53
0.33999999999999997
0.32
0.22999999999999998
0.29
0.34
0.42000000000000004
0.6699999999999999
0.59
0.61
0.5700000000000001
0.49
0.38
0.34
0.27
0.31
0.42000000000000004
0.45
0.63
0.61
0.64
0.53
0.47000000000000003
0.35
0.21000000000000002
0.21
0.32999999999999996
0.48
0.5900000000000001
0.6900000000000001
0.54
0.55
0.47
0.39
0.22000000000000003
0.22
0.36
0.37
0.51
0.63
0.66
0.65
0.48
0.35000000000000003
0.22
0.22999999999999998
0.16999999999999998
0.38999999999999996
0.55
0.63
0.5599999999999999
0.67
0.54
0.51
0.29
0.22000000000000003
0.13
0.21000000000000002
0.39
0.62
0.65
0.74
0.65
0.55
0.32
0.31
0.24
0.22
0.32
0.43
0.56
0.5700000000000001
0.76
0.5599999999999999
0.51
0.32
0.22
0.18
0.24
0.33
0.51
0.58
0.63
0.69
0.53
0.37
0.31000000000000005
0.21
0.22999999999999998
0.31
0.49
0.51
0.73
0.6900000000000001
0.65
0.43
0.35000000000000003
0.22
0.29000000000000004
0.26
0.36
0.53
0.69
0.55
0.6
0.49
0.49
0.29000000000000004
0.26
0.2
0.32
0.42000000000000004
0.49
0.56
0.68
0.5900000000000001
0.58
0.31
0.25
0.26
0.26
0.39
0.59
0.62
0.67
0.54
0.51
0.39
0.28
0.33
0.27
0.35
0.39
0.53
0.64
0.68
0.62
0.48
0.36
0.26
0.34
0.33
0.37
0.41000000000000003
0.5800000000000001
0.62
0.7
0.54
0.48000000000000004
0.41000000000000003
0.31
0.30000000000000004
0.33
0.4
0.48
0.65
0.64
0.64
0.54
0.39
0.38
0.3
0.41000000000000003
0.34
0.39
0.52
0.6
0.58
0.55
0.52
0.39
0.32
0.36
0.36
0.42000000000000004
0.53
0.62
0.6
0.54
0.46
0.48
0.43
0.34
0.36
0.43
0.5700000000000001
0.54
0.53
0.51
0.44
0.6
0.53
0.43000000000000005
0.30000000000000004
0.33
0.45
0.42000000000000004
0.52
0.5700000000000001
0.6
0.5900000000000001
0.44
0.35000000000000003
0.42000000000000004
0.34
0.36
0.48
0.51
0.56
0.59
0.61
0.53
0.37
0.37
0.41000000000000003
0.42
0.45
0.56
0.54
0.48
0.56
0.46
0.5
0.52
0.42000000000000004
0.42000000000000004
0.41000000000000003
0.49
0.39
0.54
0.5900000000000001
0.51
0.47000000000000003
0.39
0.45999999999999996
0.53
0.39
0.44
0.46
0.5
0.51
0.49
0.58
0.48
0.54
0.5
0.52
0.48
0.41000000000000003
0.44
0.54
0.49
0.45
0.52
0.48
0.5
0.5900000000000001
0.45999999999999996
0.48
0.37
0.43
0.5
0.5800000000000001
0.43
0.52
0.53
0.48000000000000004
0.45
0.45999999999999996
0.47000000000000003
0.5
0.51
0.53
0.46
0.59
0.61
0.55
0.49
0.42000000000000004
0.49
0.42000000000000004
0.39
0.45999999999999996
0.49
0.54
