0.63
0.55
0.5
0.57
0.48000000000000004
0.48
0.43
0.41000000000000003
0.55
0.6100000000000001
0.61
0.58
0.47
0.55
0.46
0.49
0.49
0.41000000000000003
0.64
0.54
0.49
0.49
0.56
0.56
0.59
0.44
0.38
0.4
0.42000000000000004
0.49
0.53
0.51
0.61
0.56
0.56
0.49
0.54
0.53
0.46
0.42
0.42000000000000004
0.49
0.52
0.5700000000000001
0.67
0.62
0.54
0.43000000000000005
0.38999999999999996
0.38
0.39
0.49
0.54
0.6499999999999999
0.63
0.66
0.63
0.5599999999999999
0.39
0.49
0.42
0.44999999999999996
0.53
0.6399999999999999
0.6
0.7100000000000001
0.73
0.56
0.48
0.43
0.37
0.36000000000000004
0.47
0.53
0.64
0.62
0.71
0.64
0.56
0.47
0.39
0.37
0.46
0.38999999999999996
0.57
0.62
0.6699999999999999
0.64
0.5900000000000001
0.59
0.37
0.3
0.39
0.37
0.47000000000000003
0.6
0.62
0.79
0.6699999999999999
0.54
0.49
0.29
0.4
0.32
0.54
0.54
0.6900000000000001
0.68
0.76
0.6499999999999999
0.55
0.46
0.35
0.32
0.39
0.47
0.53
0.73
0.77
0.72
0.53
0.53
0.33
0.33
0.38
0.45999999999999996
0.54
0.63
0.73
0.7200000000000001
0.65
0.5
0.45
0.38
0.37
0.34
0.42
0.63
0.6799999999999999
0.77
0.69
0.64
0.52
0.44999999999999996
0.33
0.29000000000000004
0.47
0.46
0.6499999999999999
0.75
0.75
0.75
0.62
0.48
0.41000000000000003
0.31
0.29
0.47000000000000003
0.6699999999999999
0.6
0.82
0.79
0.62
0.53
0.31
0.33999999999999997
0.28
0.38
0.6000000000000001
0.76
0.78
0.8600000000000001
0.71
0.67
0.4
0.26
0.39
0.32
0.5
0.61
0.72
0.69
0.73
0.64
0.55
0.51
0.34
0.32
0.41000000000000003
0.5
0.6
0.72
0.75
0.7799999999999999
0.64
0.42
0.28
0.31
0.38
0.47000000000000003
0.55
0.73
0.78
0.6799999999999999
0.67
0.54
0.39
0.42000000000000004
0.28
0.45999999999999996
0.44
0.62
0.7
0.72
0.6799999999999999
0.56
0.51
0.41000000000000003
0.36
0.39
0.5
0.56
0.65
0.69
0.77
0.74
0.57
0.45999999999999996
0.42
0.35000000000000003
0.37
0.53
0.64
0.79
0.77
0.6799999999999999
0.65
0.39999999999999997
0.5
0.41000000000000003
0.37
0.35
0.61
0.62
0.7
0.74
0.66
0.62
0.49
0.36000000000000004
0.39
0.33
0.41000000000000003
0.62
0.71
0.69
0.76
0.63
0.53
0.34
0.43999999999999995
0.35
0.42
0.6
0.64
0.6000000000000001
0.7
0.69
0.53
0.47
0.41000000000000003
0.39
0.38
0.44
0.56
0.6699999999999999
0.6799999999999999
0.69
0.59
0.52
0.37
0.35000000000000003
0.39
0.36
0.51
0.67
0.61
0.7000000000000001
0.55
0.43
0.5
0.36000000000000004
0.39999999999999997
0.36
0.51
0.56
0.59
0.68
0.66
0.63
0.54
0.54
0.46
0.39
0.44999999999999996
0.52
0.54
0.62
0.66
0.61
0.53
0.49
0.4
0.44
0.39
0.43000000000000005
0.48
0.48
0.62
0.64
0.53
0.52
0.45
0.42000000000000004
0.45
0.45
0.49
0.55
0.63
0.5900000000000001
0.6000000000000001
0.54
0.47
0.44
0.4
0.5
0.48
0.43
0.45
0.56
0.5
0.6000000000000001
0.47
0.5700000000000001
0.52
0.55
0.37
0.45
0.49
0.5
0.5
0.56
0.5599999999999999
0.51
0.51
0.59
0.44
0.4
0.47
0.45
0.51
0.47000000000000003
0.5
0.63
0.55
0.61
0.46
0.36
0.42000000000000004
0.59
0.53
0.48
0.54
0.62
0.54
0.53
0.56
0.48
0.52
0.44999999999999996
0.44000000000000006
0.47
0.54
0.48
0.5900000000000001
0.6699999999999999
0.6
0.51
0.51
0.51
0.43000000000000005
0.44
0.39
0.53
0.6000000000000001
0.57
0.59
0.52
0.58
0.45999999999999996
