0.4
0.43
0.4
0.51
0.55
0.5800000000000001
0.56
0.44
0.48
0.43
0.43000000000000005
0.46
0.48
0.51
0.58
0.52
0.58
0.47000000000000003
0.54
0.5800000000000001
0.47000000000000003
0.49
0.51
0.47
0.41000000000000003
0.49
0.54
0.6
0.58
0.51
0.49
0.42
0.43
0.45
0.45999999999999996
0.45
0.42
0.56
0.47000000000000003
0.56
0.52
0.53
0.45999999999999996
0.48
0.38
0.51
0.48
0.55
0.67
0.57
0.56
0.54
0.51
0.49
0.42
0.3
0.41000000000000003
0.42
0.49
0.68
0.63
0.56
0.5700000000000001
0.4
0.41000000000000003
0.35
0.43
0.49
0.5
0.6000000000000001
0.6900000000000001
0.6
0.58
0.48
0.43000000000000005
0.39
0.29000000000000004
0.32999999999999996
0.44
0.6
0.6100000000000001
0.54
0.63
0.62
0.4
0.41000000000000003
0.34
0.30000000000000004
0.39
0.45999999999999996
0.55
0.61
0.5700000000000001
0.6
0.56
0.42000000000000004
0.27
0.36
0.29
0.39
0.63
0.66
0.6699999999999999
0.59
0.53
0.48
0.30000000000000004
0.24
0.34
0.41000000000000003
0.45
0.5700000000000001
0.57
0.59
0.61
0.54
0.41
0.33
0.29
0.3
0.41
0.38
0.5700000000000001
0.6900000000000001
0.63
0.61
0.41000000000000003
0.28
0.21
0.22000000000000003
0.2
0.49
0.51
0.51
0.76
0.59
0.5599999999999999
0.36000000000000004
0.22
0.16
0.25
0.38999999999999996
0.51
0.6200000000000001
0.7200000000000001
0.64
0.52
0.45999999999999996
0.35
0.30000000000000004
0.26
0.3
0.42000000000000004
0.5800000000000001
0.6299999999999999
0.61
0.68
0.5
0.41000000000000003
0.42000000000000004
0.24000000000000002
0.22999999999999998
0.3
0.41000000000000003
0.6
0.6
0.73
0.61
0.47
0.34
0.21
0.18
0.27
0.33
0.45
0.66
0.66
0.67
0.47
0.38
0.32
0.26
0.27
0.33
0.44
0.66
0.62
0.65
0.66
0.55
0.37
0.27
0.25
0.3
0.46
0.58
0.66
0.67
0.61
0.54
0.35
0.4
0.22
0.26
0.26
0.35
0.54
0.6699999999999999
0.6
0.63
0.56
0.37
0.21000000000000002
0.23
0.26
0.36
0.5
0.63
0.65
0.63
0.5700000000000001
0.44
0.32999999999999996
0.24
0.26
0.32
0.41000000000000003
0.6000000000000001
0.6699999999999999
0.73
0.61
0.55
0.49
0.27
0.22999999999999998
0.21000000000000002
0.3
0.45999999999999996
0.6499999999999999
0.66
0.6699999999999999
0.6100000000000001
0.39
0.34
0.22999999999999998
0.28
0.35
0.44999999999999996
0.61
0.5700000000000001
0.74
0.54
0.52
0.41
0.31
0.29000000000000004
0.25
0.36
0.41000000000000003
0.6499999999999999
0.59
0.58
0.59
0.46
0.43999999999999995
0.35
0.27
0.32
0.45
0.55
0.62
0.69
0.66
0.55
0.38
0.38
0.37
0.38
0.41000000000000003
0.54
0.54
0.61
0.6399999999999999
0.55
0.5700000000000001
0.36
0.38
0.32
0.30000000000000004
0.42000000000000004
0.53
0.61
0.6
0.6100000000000001
0.54
0.53
0.28
0.38
0.29000000000000004
0.38
0.5
0.51
0.6
0.55
0.54
0.54
0.39
0.47000000000000003
0.34
0.30000000000000004
0.36
0.62
0.5800000000000001
0.58
0.5700000000000001
0.4
0.47
0.45999999999999996
0.38
0.32
0.45
0.44999999999999996
0.54
0.57
0.58
0.63
0.51
0.48
0.45
0.36
0.39
0.35
0.5900000000000001
0.46
0.55
0.54
0.5
0.48
0.48
0.39
0.53
0.39
0.41000000000000003
0.43000000000000005
0.54
0.6100000000000001
0.54
0.52
0.42
0.39
0.39999999999999997
0.48
0.37
0.46
0.51
0.58
0.51
0.51
0.6
0.5700000000000001
0.48
0.44000000000000006
0.41000000000000003
0.42000000000000004
0.45999999999999996
0.45999999999999996
0.61
0.54
0.46
0.51
0.48
0.39
0.42000000000000004
0.44000000000000006
0.45
0.44
0.47
0.5
0.61
0.63
0.49
0.55
0.51
0.51
0.48
0.55
0.45
0.44
0.44
0.47000000000000003
0.46
0.5599999999999999
0.57
0.51
0.51
0.49
0.37
0.39
0.47
0.59
