0.42000000000000004
0.42000000000000004
0.47
0.49
0.52
0.57
0.56
0.54
0.55
0.48
0.48
0.43
0.47
0.47
0.48
0.58
0.52
0.5800000000000001
0.47
0.52
0.42000000000000004
0.39
0.42000000000000004
0.44999999999999996
0.48
0.5700000000000001
0.63
0.5900000000000001
0.52
0.61
0.5
0.44
0.43999999999999995
0.44999999999999996
0.35000000000000003
0.46
0.52
0.48
0.5
0.58
0.48
0.55
0.46
0.4
0.32999999999999996
0.36
0.39
0.51
0.61
0.69
0.5900000000000001
0.47000000000000003
0.49
0.41000000000000003
0.33
0.31
0.39
0.39
0.6
0.6000000000000001
0.6300000000000001
0.63
0.42
0.51
0.38
0.36
0.33
0.45
0.44
0.5800000000000001
0.67
0.51
0.55
0.48
0.4
0.33
0.32
0.30000000000000004
0.43000000000000005
0.44
0.6499999999999999
0.58
0.54
0.53
0.5
0.4
0.38
0.31
0.49
0.43
0.5900000000000001
0.56
0.61
0.61
0.51
0.38
0.39
0.29000000000000004
0.41000000000000003
0.42
0.52
0.69
0.57
0.57
0.5
0.54
0.33999999999999997
0.35
0.37
0.4
0.43
0.51
0.62
0.68
0.63
0.55
0.5
0.32999999999999996
0.32
0.23
0.39
0.5
0.53
0.69
0.68
0.5800000000000001
0.44000000000000006
0.22
0.25
0.24
0.30000000000000004
0.36000000000000004
0.5599999999999999
0.59
0.67
0.53
0.49
0.3
0.24000000000000002
0.22
0.37
0.37
0.49
0.62
0.63
0.69
0.59
0.36
0.32
0.29000000000000004
0.22
0.30000000000000004
0.35
0.57
0.65
0.67
0.6900000000000001
0.54
0.33
0.24000000000000002
0.21
0.26
0.27999999999999997
0.43
0.6100000000000001
0.64
0.69
0.56
0.49
0.39
0.22999999999999998
0.27
0.18
0.41000000000000003
0.47
0.7
0.64
0.66
0.56
0.46
0.24
0.29000000000000004
0.25
0.24
0.5
0.6
0.78
0.63
0.59
0.44999999999999996
0.33999999999999997
0.21
0.15
0.25
0.37
0.41000000000000003
0.64
0.6799999999999999
0.64
0.47
0.42
0.33999999999999997
0.14
0.21000000000000002
0.36000000000000004
0.48
0.61
0.63
0.72
0.6
0.42000000000000004
0.42
0.36
0.16
0.35
0.36
0.5800000000000001
0.7200000000000001
0.65
0.6
0.5900000000000001
0.36
0.3
0.26
0.25
0.38
0.38
0.53
0.63
0.6799999999999999
0.6900000000000001
0.47
0.43
0.33
0.23
0.33
0.43000000000000005
0.43000000000000005
0.64
0.61
0.73
0.6
0.41
0.37
0.26
0.28
0.35
0.43000000000000005
0.56
0.64
0.67
0.5800000000000001
0.54
0.38
0.26
0.24
0.32
0.33
0.5
0.58
0.52
0.66
0.54
0.55
0.33
0.32
0.31
0.33
0.36
0.54
0.64
0.65
0.59
0.41000000000000003
0.44
0.33
0.29
0.25
0.43
0.5
0.63
0.5800000000000001
0.61
0.61
0.54
0.39
0.27
0.29
0.36
0.47
0.54
0.6
0.64
0.5900000000000001
0.5
0.42
0.32
0.3
0.41000000000000003
0.42000000000000004
0.44
0.5
0.56
0.61
0.55
0.53
0.3
0.22999999999999998
0.4
0.35
0.41000000000000003
0.48
0.51
0.57
0.51
0.56
0.53
0.47
0.38
0.35
0.41000000000000003
0.49
0.47000000000000003
0.51
0.6000000000000001
0.5
0.46
0.51
0.48
0.41000000000000003
0.39
0.44999999999999996
0.4
0.54
0.52
0.61
0.55
0.54
0.44
0.45
0.41000000000000003
0.31000000000000005
0.44
0.52
0.61
0.6
0.53
0.52
0.48
0.43
0.45
0.4
0.43
0.49
0.43000000000000005
0.59
0.55
0.53
0.56
0.43
0.54
0.48
0.47000000000000003
0.44000000000000006
0.44999999999999996
0.48
0.51
0.51
0.49
0.52
0.51
0.47000000000000003
0.44
0.39
0.43
0.46
0.5800000000000001
0.5
0.48
0.56
0.53
0.4
0.4
0.45
0.52
0.4
0.49
0.43000000000000005
0.45
0.51
0.47
0.58
0.49
0.45
0.48000000000000004
0.48
0.49
0.39
0.44
0.57
