0.43
0.54
0.36
0.49
0.53
0.56
0.54
0.53
0.45
0.52
0.44999999999999996
0.41000000000000003
0.48
0.46
0.52
0.5900000000000001
0.57
0.5800000000000001
0.53
0.52
0.37
0.46
0.44999999999999996
0.41000000000000003
0.46
0.49
0.6
0.52
0.53
0.53
0.5
0.56
0.42000000000000004
0.48
0.44999999999999996
0.49
0.52
0.6
0.5900000000000001
0.61
0.58
0.51
0.48
0.41000000000000003
0.41000000000000003
0.38
0.44
0.58
0.55
0.56
0.5700000000000001
0.44
0.47
0.35
0.33999999999999997
0.32
0.38
0.44999999999999996
0.55
0.55
0.63
0.52
0.59
0.33999999999999997
0.4
0.32
0.35
0.38
0.56
0.52
0.62
0.61
0.53
0.5
0.36
0.35
0.31
0.29
0.51
0.5800000000000001
0.62
0.53
0.5800000000000001
0.49
0.37
0.37
0.22999999999999998
0.29
0.38
0.59
0.63
0.65
0.62
0.5800000000000001
0.46
0.44
0.28
0.29
0.33
0.41000000000000003
0.55
0.6200000000000001
0.73
0.63
0.6200000000000001
0.39
0.35
0.38
0.25
0.33999999999999997
0.45
0.6300000000000001
0.64
0.62
0.65
0.54
0.37
0.26
0.23
0.3
0.41000000000000003
0.5700000000000001
0.6799999999999999
0.6799999999999999
0.59
0.5
0.41000000000000003
0.28
0.23
0.26
0.30000000000000004
0.43
0.51
0.71
0.75
0.5700000000000001
0.56
0.39
0.31
0.2
0.26
0.32
0.39
0.6799999999999999
0.7
0.59
0.63
0.48
0.27
0.22000000000000003
0.24
0.24
0.52
0.45999999999999996
0.62
0.64
0.62
0.55
0.37
0.15
0.30000000000000004
0.23
0.26
0.43
0.69
0.69
0.62
0.5599999999999999
0.44
0.32
0.19
0.19
0.2
0.29
0.49
0.59
0.64
0.63
0.56
0.38
0.26
0.16999999999999998
0.26
0.34
0.48
0.62
0.63
0.5800000000000001
0.59
0.45999999999999996
0.26
0.23
0.21000000000000002
0.16999999999999998
0.43000000000000005
0.45999999999999996
0.73
0.68
0.67
0.54
0.37
0.33999999999999997
0.22
0.24000000000000002
0.31
0.57
0.61
0.6
0.74
0.6
0.52
0.36000000000000004
0.32
0.19
0.29
0.4
0.48
0.62
0.6799999999999999
0.69
0.63
0.38999999999999996
0.38
0.26
0.29000000000000004
0.32999999999999996
0.48
0.55
0.65
0.56
0.6200000000000001
0.48
0.48
0.26
0.22
0.31
0.33
0.54
0.62
0.64
0.62
0.54
0.43
0.29
0.22
0.27
0.39
0.35
0.53
0.64
0.6599999999999999
0.5800000000000001
0.44999999999999996
0.36000000000000004
0.30000000000000004
0.23
0.26
0.38
0.41000000000000003
0.51
0.5700000000000001
0.6
0.55
0.42000000000000004
0.38
0.28
0.19
0.34
0.37
0.45999999999999996
0.58
0.66
0.69
0.44
0.44
0.38
0.34
0.44
0.45
0.64
0.6
0.64
0.7
0.62
0.5700000000000001
0.38
0.33
0.33
0.32999999999999996
0.45
0.5
0.6599999999999999
0.69
0.62
0.58
0.48
0.4
0.38
0.44
0.38
0.54
0.6200000000000001
0.62
0.6
0.59
0.5700000000000001
0.51
0.4
0.33999999999999997
0.32
0.44
0.45999999999999996
0.57
0.6
0.6000000000000001
0.48
0.52
0.52
0.39
0.44999999999999996
0.39
0.42000000000000004
0.5900000000000001
0.51
0.6599999999999999
0.5900000000000001
0.46
0.47
0.38
0.38
0.4
0.46
0.48
0.5800000000000001
0.48
0.52
0.5
0.52
0.46
0.47000000000000003
0.51
0.46
0.51
0.5
0.53
0.53
0.5
0.54
0.44999999999999996
0.45999999999999996
0.47
0.41000000000000003
0.45
0.45999999999999996
0.4
0.48
0.52
0.64
0.55
0.46
0.45
0.53
0.48
0.42000000000000004
0.41000000000000003
0.47000000000000003
0.43
0.49
0.54
0.53
0.48
0.49
0.42000000000000004
0.37
0.43000000000000005
0.43000000000000005
0.42000000000000004
0.55
0.44
0.5
0.6299999999999999
0.52
0.52
0.45999999999999996
0.38
0.44999999999999996
0.44999999999999996
0.33
0.48
0.48000000000000004
0.64
0.5
0.53
0.52
0.41000000000000003
0.42000000000000004
0.38
0.46
0.4
0.56
