0.5800000000000001
0.5800000000000001
0.53
0.51
0.48
0.43
0.44
0.46
0.45
0.52
0.52
0.5700000000000001
0.53
0.53
0.52
0.42000000000000004
0.48
0.42000000000000004
0.53
0.48000000000000004
0.5800000000000001
0.6100000000000001
0.58
0.55
0.52
0.43
0.37
0.41000000000000003
0.48
0.39
0.5
0.56
0.56
0.55
0.65
0.54
0.48
0.52
0.5
0.42
0.52
0.44999999999999996
0.54
0.6
0.67
0.64
0.61
0.49
0.39
0.31
0.41
0.53
0.51
0.59
0.67
0.69
0.61
0.61
0.4
0.4
0.37
0.37
0.5800000000000001
0.49
0.62
0.64
0.67
0.55
0.56
0.42000000000000004
0.33
0.49
0.45
0.52
0.6000000000000001
0.67
0.6799999999999999
0.7
0.57
0.56
0.35000000000000003
0.42
0.45999999999999996
0.47
0.5
0.6
0.62
0.6900000000000001
0.51
0.5700000000000001
0.41000000000000003
0.44
0.39
0.39
0.49
0.62
0.61
0.71
0.5900000000000001
0.5800000000000001
0.48000000000000004
0.31
0.43
0.43
0.5
0.46
0.66
0.65
0.63
0.6
0.5700000000000001
0.49
0.38
0.32
0.37
0.45
0.5
0.67
0.6799999999999999
0.77
0.61
0.5
0.47
0.31
0.32
0.42
0.56
0.78
0.75
0.76
0.7
0.64
0.44
0.41000000000000003
0.33
0.47
0.51
0.7
0.76
0.78
0.63
0.63
0.51
0.38
0.37
0.31
0.41
0.64
0.68
0.71
0.78
0.7
0.65
0.43
0.35
0.33
0.31
0.46
0.6699999999999999
0.76
0.79
0.74
0.72
0.57
0.39
0.36
0.31
0.44
0.51
0.61
0.77
0.73
0.8200000000000001
0.59
0.53
0.3
0.36
0.33999999999999997
0.44
0.54
0.76
0.71
0.75
0.76
0.5
0.39999999999999997
0.22
0.37
0.41
0.55
0.66
0.79
0.85
0.75
0.63
0.5900000000000001
0.36
0.32
0.36
0.53
0.58
0.6599999999999999
0.8600000000000001
0.7899999999999999
0.64
0.52
0.38999999999999996
0.37
0.28
0.39999999999999997
0.5800000000000001
0.5800000000000001
0.64
0.84
0.65
0.64
0.42
0.28
0.35
0.4
0.41000000000000003
0.64
0.7000000000000001
0.74
0.75
0.62
0.62
0.47000000000000003
0.37
0.31999999999999995
0.31
0.53
0.5700000000000001
0.6699999999999999
0.77
0.6699999999999999
0.57
0.5700000000000001
0.36
0.39
0.27
0.4
0.5900000000000001
0.63
0.74
0.72
0.65
0.57
0.44
0.36
0.33
0.42000000000000004
0.46
0.62
0.74
0.76
0.68
0.67
0.5
0.42000000000000004
0.48
0.33999999999999997
0.46
0.45
0.6699999999999999
0.6799999999999999
0.69
0.67
0.64
0.45999999999999996
0.36
0.35000000000000003
0.41
0.5900000000000001
0.56
0.67
0.7100000000000001
0.75
0.5700000000000001
0.5
0.37
0.42
0.39
0.39
0.45999999999999996
0.61
0.73
0.7100000000000001
0.64
0.53
0.46
0.4
0.36
0.41000000000000003
0.5
0.58
0.68
0.7
0.5900000000000001
0.58
0.5599999999999999
0.5
0.44
0.39
0.45
0.47
0.7
0.77
0.6
0.65
0.5900000000000001
0.52
0.49
0.43
0.49
0.44000000000000006
0.47000000000000003
0.53
0.62
0.65
0.59
0.51
0.53
0.49
0.4
0.5
0.54
0.49
0.52
0.5900000000000001
0.61
0.55
0.6000000000000001
0.45999999999999996
0.48
0.39
0.44999999999999996
0.45999999999999996
0.5599999999999999
0.55
0.59
0.69
0.56
0.48000000000000004
0.39
0.4
0.47
0.48000000000000004
0.52
0.57
0.5499999999999999
0.6000000000000001
0.5700000000000001
0.51
0.5700000000000001
0.41000000000000003
0.44999999999999996
0.47
0.44000000000000006
0.57
0.45999999999999996
0.52
0.53
0.56
0.55
0.52
0.49
0.49
0.51
0.48
0.49
0.53
0.56
0.6100000000000001
0.57
0.54
0.42
0.5
0.52
0.44
0.47
0.6
0.6
0.55
0.48
0.6
0.51
0.5700000000000001
0.55
0.49
0.53
0.42
0.51
0.55
0.52
0.52
0.51
0.61
0.56
0.43
