0.6000000000000001
0.54
0.53
0.47
0.48
0.46
0.47
0.42000000000000004
0.44
0.52
0.6299999999999999
0.6299999999999999
0.65
0.49
0.56
0.51
0.45
0.52
0.52
0.51
0.52
0.53
0.52
0.43000000000000005
0.5
0.55
0.48
0.52
0.39
0.62
0.47
0.5800000000000001
0.51
0.52
0.62
0.61
0.47000000000000003
0.48
0.49
0.44
0.49
0.54
0.56
0.65
0.62
0.56
0.52
0.49
0.39999999999999997
0.4
0.36
0.49
0.5900000000000001
0.6000000000000001
0.49
0.64
0.59
0.45999999999999996
0.49
0.4
0.45999999999999996
0.43000000000000005
0.36
0.55
0.6300000000000001
0.56
0.5700000000000001
0.55
0.45999999999999996
0.44000000000000006
0.45
0.34
0.46
0.49
0.6499999999999999
0.62
0.65
0.66
0.63
0.48
0.35
0.35
0.49
0.4
0.5700000000000001
0.67
0.64
0.69
0.54
0.54
0.44999999999999996
0.41
0.38
0.53
0.43999999999999995
0.5900000000000001
0.65
0.75
0.67
0.62
0.49
0.37
0.26
0.41000000000000003
0.41000000000000003
0.59
0.7000000000000001
0.66
0.74
0.68
0.51
0.51
0.39999999999999997
0.31
0.44
0.41000000000000003
0.6900000000000001
0.69
0.77
0.74
0.63
0.51
0.41
0.35000000000000003
0.28
0.47
0.51
0.7
0.77
0.71
0.7
0.5700000000000001
0.43000000000000005
0.33999999999999997
0.32
0.36
0.47
0.63
0.6599999999999999
0.72
0.6599999999999999
0.63
0.5
0.44
0.38
0.41
0.51
0.59
0.62
0.76
0.81
0.78
0.6900000000000001
0.47
0.28
0.33
0.33
0.5
0.63
0.66
0.75
0.67
0.6799999999999999
0.52
0.38999999999999996
0.41
0.42
0.39
0.57
0.5700000000000001
0.71
0.78
0.8099999999999999
0.61
0.53
0.38
0.33
0.37
0.44
0.5900000000000001
0.7
0.71
0.7
0.65
0.61
0.4
0.32
0.4
0.38
0.47
0.66
0.8099999999999999
0.75
0.8200000000000001
0.62
0.45
0.37
0.28
0.35000000000000003
0.49
0.59
0.6799999999999999
0.79
0.77
0.65
0.59
0.54
0.28
0.39
0.42000000000000004
0.48
0.63
0.71
0.86
0.7
0.64
0.5
0.35
0.33
0.39
0.39
0.57
0.6799999999999999
0.71
0.72
0.8200000000000001
0.61
0.46
0.34
0.39
0.36
0.58
0.61
0.78
0.8
0.73
0.66
0.5900000000000001
0.34
0.39
0.4
0.38
0.56
0.6
0.71
0.77
0.67
0.54
0.38
0.35
0.37
0.43
0.54
0.61
0.77
0.77
0.71
0.64
0.54
0.45
0.44999999999999996
0.41000000000000003
0.43
0.56
0.65
0.6699999999999999
0.74
0.6799999999999999
0.5599999999999999
0.45
0.48
0.41000000000000003
0.45
0.48
0.47
0.6599999999999999
0.7100000000000001
0.76
0.65
0.49
0.43
0.37
0.42000000000000004
0.45
0.41000000000000003
0.54
0.7
0.65
0.7100000000000001
0.5499999999999999
0.46
0.39999999999999997
0.38
0.41000000000000003
0.51
0.5700000000000001
0.62
0.63
0.7
0.59
0.52
0.43000000000000005
0.42000000000000004
0.43
0.38
0.5
0.62
0.5700000000000001
0.65
0.6
0.51
0.39
0.43
0.39
0.46
0.55
0.47000000000000003
0.6
0.58
0.62
0.56
0.52
0.48
0.41000000000000003
0.37
0.43
0.44
0.52
0.61
0.65
0.6799999999999999
0.5700000000000001
0.5700000000000001
0.43
0.47000000000000003
0.44
0.48
0.45
0.53
0.55
0.54
0.53
0.55
0.46
0.42000000000000004
0.49
0.5
0.26
0.55
0.5900000000000001
0.54
0.5800000000000001
0.55
0.54
0.44999999999999996
0.51
0.43999999999999995
0.42
0.55
0.48
0.45999999999999996
0.41
0.55
0.5800000000000001
0.55
0.51
0.48
0.48
0.46
0.49
0.5
0.53
0.5499999999999999
0.48
0.52
0.51
0.5
0.53
0.46
0.35000000000000003
0.38
0.5
0.56
0.53
0.52
0.5599999999999999
0.65
0.5599999999999999
0.55
0.47
0.44999999999999996
0.38
0.47000000000000003
0.51
0.56
0.5900000000000001
0.67
0.52
0.55
0.38
