0.5700000000000001
0.52
0.6599999999999999
0.53
0.5
0.48
0.5
0.42
0.5
0.49
0.54
0.6100000000000001
0.52
0.63
0.46
0.5
0.51
0.45
0.44
0.51
0.5700000000000001
0.56
0.61
0.54
0.56
0.55
0.42000000000000004
0.47000000000000003
0.49
0.38
0.48
0.59
0.61
0.62
0.6
0.56
0.5
0.43000000000000005
0.39999999999999997
0.42
0.51
0.45
0.5
0.6799999999999999
0.67
0.62
0.47
0.51
0.51
0.36
0.37
0.44
0.49
0.57
0.58
0.68
0.56
0.62
0.51
0.38
0.41000000000000003
0.44
0.44
0.5900000000000001
0.54
0.6699999999999999
0.59
0.63
0.5700000000000001
0.4
0.37
0.43
0.35000000000000003
0.44999999999999996
0.61
0.69
0.7000000000000001
0.61
0.61
0.48
0.42000000000000004
0.37
0.36
0.55
0.59
0.63
0.61
0.68
0.6
0.54
0.5
0.43
0.38999999999999996
0.38
0.53
0.5900000000000001
0.65
0.63
0.74
0.62
0.5
0.38
0.31
0.31
0.47
0.5
0.63
0.76
0.76
0.72
0.54
0.41000000000000003
0.35000000000000003
0.39
0.5
0.5
0.66
0.76
0.75
0.72
0.62
0.39
0.42
0.38
0.32
0.47
0.61
0.77
0.7100000000000001
0.75
0.67
0.59
0.51
0.37
0.32
0.42
0.53
0.5700000000000001
0.7
0.77
0.72
0.6000000000000001
0.56
0.43000000000000005
0.41
0.33
0.38
0.49
0.76
0.76
0.81
0.67
0.6
0.43
0.36000000000000004
0.31
0.35000000000000003
0.42000000000000004
0.67
0.64
0.78
0.71
0.6
0.42000000000000004
0.38
0.34
0.37
0.44
0.65
0.62
0.73
0.78
0.6799999999999999
0.62
0.44000000000000006
0.35
0.26
0.37
0.5
0.56
0.73
0.71
0.75
0.65
0.55
0.41
0.38
0.34
0.38
0.45
0.64
0.6799999999999999
0.76
0.72
0.6900000000000001
0.42
0.32
0.27
0.32
0.39
0.56
0.66
0.73
0.71
0.62
0.53
0.43
0.38
0.32
0.43999999999999995
0.5
0.7
0.73
0.8800000000000001
0.71
0.7100000000000001
0.52
0.38
0.36
0.43
0.52
0.57
0.65
0.7300000000000001
0.69
0.6799999999999999
0.5700000000000001
0.45999999999999996
0.36
0.41000000000000003
0.44000000000000006
0.56
0.64
0.71
0.79
0.74
0.63
0.58
0.47000000000000003
0.33
0.34
0.45
0.54
0.7
0.65
0.73
0.7
0.52
0.43000000000000005
0.44
0.33
0.43
0.4
0.53
0.72
0.74
0.76
0.6
0.5900000000000001
0.45999999999999996
0.43
0.42000000000000004
0.47000000000000003
0.44
0.63
0.71
0.74
0.5599999999999999
0.63
0.47000000000000003
0.4
0.39
0.38
0.51
0.55
0.5900000000000001
0.65
0.69
0.6
0.5900000000000001
0.42
0.37
0.47
0.41000000000000003
0.49
0.5700000000000001
0.64
0.72
0.6699999999999999
0.6599999999999999
0.49
0.34
0.35000000000000003
0.32
0.5
0.5700000000000001
0.5599999999999999
0.63
0.71
0.54
0.6399999999999999
0.47
0.35
0.43999999999999995
0.36
0.49
0.61
0.54
0.62
0.62
0.6599999999999999
0.54
0.46
0.46
0.47000000000000003
0.52
0.5700000000000001
0.5900000000000001
0.64
0.61
0.57
0.64
0.45999999999999996
0.44999999999999996
0.43
0.45
0.55
0.61
0.59
0.65
0.61
0.5700000000000001
0.5900000000000001
0.5
0.44
0.52
0.52
0.51
0.5
0.48
0.6100000000000001
0.6399999999999999
0.55
0.48
0.48
0.48
0.48
0.53
0.46
0.41000000000000003
0.53
0.52
0.53
0.6000000000000001
0.45
0.52
0.41000000000000003
0.44
0.46
0.43000000000000005
0.52
0.6
0.5700000000000001
0.55
0.45999999999999996
0.56
0.47000000000000003
0.5
0.52
0.51
0.51
0.54
0.53
0.6
0.49
0.69
0.54
0.52
0.45999999999999996
0.47
0.47
0.5
0.6100000000000001
0.51
0.6100000000000001
0.55
0.5599999999999999
0.53
0.52
0.38
0.44
0.34
0.53
0.54
0.5
0.6799999999999999
0.62
0.55
0.57
0.52
