0.36
0.42000000000000004
0.48000000000000004
0.4
0.45999999999999996
0.6
0.62
0.54
0.51
0.5900000000000001
0.38
0.53
0.42000000000000004
0.49
0.53
0.53
0.62
0.49
0.56
0.42
0.51
0.44
0.4
0.41000000000000003
0.45999999999999996
0.49
0.52
0.59
0.63
0.48
0.53
0.49
0.39
0.37
0.47
0.5
0.48000000000000004
0.54
0.58
0.53
0.62
0.47000000000000003
0.46
0.39
0.39
0.42000000000000004
0.36000000000000004
0.53
0.5800000000000001
0.5
0.51
0.5
0.4
0.41000000000000003
0.37
0.38
0.42000000000000004
0.48
0.56
0.59
0.5
0.68
0.52
0.51
0.29000000000000004
0.37
0.35000000000000003
0.48
0.56
0.5800000000000001
0.6
0.53
0.56
0.5
0.43000000000000005
0.36
0.38
0.39999999999999997
0.49
0.51
0.5900000000000001
0.72
0.54
0.52
0.41000000000000003
0.35
0.37
0.33
0.45
0.44
0.48
0.69
0.5599999999999999
0.56
0.56
0.36
0.41
0.31000000000000005
0.3
0.49
0.51
0.62
0.64
0.5800000000000001
0.48
0.42
0.32
0.30000000000000004
0.32
0.38
0.45
0.6300000000000001
0.58
0.6900000000000001
0.6
0.5900000000000001
0.4
0.37
0.16
0.24000000000000002
0.39
0.52
0.6399999999999999
0.65
0.58
0.5
0.39999999999999997
0.39
0.32
0.3
0.3
0.46
0.53
0.61
0.7
0.61
0.47
0.43
0.38
0.16999999999999998
0.22999999999999998
0.36
0.49
0.55
0.67
0.68
0.58
0.39
0.3
0.27
0.23
0.27999999999999997
0.42
0.43
0.6
0.64
0.69
0.54
0.44000000000000006
0.25
0.28
0.29
0.33
0.44
0.61
0.5700000000000001
0.67
0.5700000000000001
0.52
0.29000000000000004
0.19999999999999998
0.24
0.25
0.44
0.51
0.67
0.64
0.71
0.55
0.47
0.22999999999999998
0.24
0.21000000000000002
0.31
0.42000000000000004
0.52
0.64
0.61
0.63
0.43000000000000005
0.39
0.21
0.25
0.28
0.32
0.47000000000000003
0.6
0.63
0.61
0.51
0.43
0.22999999999999998
0.33
0.22000000000000003
0.29000000000000004
0.48
0.5
0.64
0.74
0.6699999999999999
0.5
0.39
0.21000000000000002
0.31
0.29
0.31
0.55
0.56
0.67
0.54
0.51
0.42000000000000004
0.3
0.30000000000000004
0.24
0.28
0.44
0.54
0.55
0.68
0.63
0.43
0.37
0.24
0.18
0.31
0.36
0.51
0.5800000000000001
0.61
0.53
0.6499999999999999
0.42
0.32
0.24
0.3
0.41000000000000003
0.36
0.6
0.64
0.66
0.5900000000000001
0.53
0.39
0.37
0.28
0.27
0.38
0.47
0.53
0.5900000000000001
0.61
0.58
0.44
0.38999999999999996
0.28
0.33999999999999997
0.32
0.36
0.53
0.62
0.57
0.54
0.63
0.46
0.33999999999999997
0.26
0.35
0.44
0.51
0.54
0.59
0.56
0.58
0.52
0.39
0.31
0.31000000000000005
0.43000000000000005
0.37
0.47000000000000003
0.5700000000000001
0.61
0.5800000000000001
0.49
0.45
0.33999999999999997
0.39
0.28
0.41000000000000003
0.43000000000000005
0.55
0.6699999999999999
0.63
0.61
0.47
0.47000000000000003
0.47
0.44
0.45999999999999996
0.48000000000000004
0.48
0.5800000000000001
0.53
0.6
0.55
0.52
0.5
0.42000000000000004
0.39
0.32999999999999996
0.44999999999999996
0.45000000000000007
0.57
0.6799999999999999
0.6
0.44
0.43
0.45999999999999996
0.42000000000000004
0.51
0.44
0.35
0.47
0.57
0.54
0.6000000000000001
0.5700000000000001
0.48
0.37
0.46
0.47
0.47000000000000003
0.48
0.45999999999999996
0.5800000000000001
0.62
0.52
0.41
0.44
0.46
0.42000000000000004
0.45
0.44
0.47
0.55
0.49
0.5700000000000001
0.5700000000000001
0.47
0.52
0.45
0.39
0.47000000000000003
0.5
0.48000000000000004
0.5
0.46
0.52
0.47
0.53
0.46
0.47
0.4
0.4
0.53
0.43
0.5
0.61
0.54
0.57
0.52
0.45
0.39
0.38
0.43000000000000005
0.44999999999999996
0.41
0.55
0.53
0.43999999999999995
0.5800000000000001
0.5900000000000001
0.49
0.53
0.46
0.33999999999999997
0.47
0.43000000000000005
0.53
