0.45
0.44
0.47
0.47000000000000003
0.46
0.45
0.59
0.6
0.51
0.5
0.41000000000000003
0.49
0.49
0.54
0.45
0.55
0.48
0.5
0.5599999999999999
0.5
0.37
0.32
0.42000000000000004
0.45000000000000007
0.45999999999999996
0.44999999999999996
0.5
0.5900000000000001
0.59
0.52
0.52
0.36
0.43000000000000005
0.41000000000000003
0.47
0.42000000000000004
0.48
0.54
0.56
0.5800000000000001
0.6
0.44999999999999996
0.54
0.45
0.42000000000000004
0.35
0.43
0.51
0.5800000000000001
0.5700000000000001
0.59
0.38
0.52
0.33
0.35
0.37
0.48
0.44
0.53
0.53
0.62
0.45
0.48
0.45
0.38
0.45999999999999996
0.31
0.35000000000000003
0.54
0.54
0.59
0.56
0.63
0.56
0.41000000000000003
0.34
0.35
0.33999999999999997
0.4
0.4
0.55
0.54
0.61
0.49
0.5
0.39
0.32
0.31
0.42000000000000004
0.44
0.59
0.68
0.59
0.55
0.48
0.37
0.32
0.28
0.37
0.41000000000000003
0.58
0.51
0.6900000000000001
0.6799999999999999
0.6000000000000001
0.43000000000000005
0.35
0.27
0.26
0.38
0.47000000000000003
0.55
0.68
0.54
0.62
0.56
0.44999999999999996
0.31000000000000005
0.30000000000000004
0.30000000000000004
0.31
0.52
0.62
0.65
0.57
0.5700000000000001
0.49
0.29000000000000004
0.27
0.22
0.37
0.37
0.54
0.54
0.69
0.55
0.45999999999999996
0.45
0.3
0.27
0.36000000000000004
0.4
0.55
0.5900000000000001
0.56
0.6
0.61
0.52
0.31
0.33
0.19
0.31
0.38
0.46
0.7
0.73
0.67
0.5700000000000001
0.33
0.25
0.2
0.28
0.36
0.52
0.6
0.7000000000000001
0.6
0.5599999999999999
0.52
0.31
0.22999999999999998
0.22
0.25
0.33
0.47
0.65
0.63
0.6499999999999999
0.44999999999999996
0.43
0.31
0.2
0.25
0.24000000000000002
0.51
0.64
0.65
0.6699999999999999
0.62
0.5
0.42000000000000004
0.27
0.23
0.22
0.4
0.42000000000000004
0.64
0.5800000000000001
0.67
0.51
0.41000000000000003
0.35000000000000003
0.2
0.29000000000000004
0.38
0.42
0.5
0.6699999999999999
0.64
0.5
0.44
0.36
0.29000000000000004
0.19999999999999998
0.29000000000000004
0.4
0.46
0.66
0.68
0.64
0.55
0.43
0.27
0.2
0.19
0.41000000000000003
0.42000000000000004
0.52
0.65
0.65
0.6200000000000001
0.53
0.43
0.33999999999999997
0.23
0.32
0.38
0.45
0.61
0.6000000000000001
0.61
0.63
0.45999999999999996
0.33
0.27999999999999997
0.29000000000000004
0.34
0.41000000000000003
0.51
0.57
0.72
0.5800000000000001
0.53
0.44
0.32
0.29000000000000004
0.28
0.37
0.4
0.61
0.6499999999999999
0.5800000000000001
0.62
0.45
0.33
0.32
0.22000000000000003
0.4
0.41000000000000003
0.5800000000000001
0.64
0.68
0.53
0.6100000000000001
0.44
0.34
0.36
0.32999999999999996
0.42000000000000004
0.54
0.61
0.69
0.6
0.5700000000000001
0.5900000000000001
0.42000000000000004
0.39
0.33
0.45999999999999996
0.44
0.45999999999999996
0.54
0.59
0.5700000000000001
0.47
0.43
0.42000000000000004
0.32
0.29
0.33999999999999997
0.44999999999999996
0.62
0.61
0.54
0.63
0.5
0.47000000000000003
0.42
0.30000000000000004
0.36
0.53
0.5700000000000001
0.54
0.5599999999999999
0.58
0.56
0.45
0.41000000000000003
0.43000000000000005
0.41000000000000003
0.36
0.45999999999999996
0.5
0.55
0.6599999999999999
0.51
0.46
0.44
0.49
0.37
0.39
0.37
0.61
0.5700000000000001
0.58
0.48
0.48000000000000004
0.46
0.52
0.39
0.48
0.42
0.41000000000000003
0.53
0.53
0.57
0.51
0.54
0.53
0.47
0.47000000000000003
0.36
0.51
0.44999999999999996
0.45
0.49
0.56
0.51
0.47000000000000003
0.56
0.49
0.45
0.51
0.43
0.52
0.47
0.44
0.58
0.64
0.5
0.5
0.52
0.44999999999999996
0.41
0.5
0.51
0.48
0.49
0.59
0.55
0.46
0.56
0.48
0.52
0.4
0.36
0.52
0.5
0.49
0.46
0.5800000000000001
0.53
0.49
0.54
0.39
0.34
0.48
0.39
0.53
0.45
