0.43000000000000005
0.37
0.43
0.47
0.54
0.44
0.53
0.49
0.56
0.42
0.46
0.46
0.38
0.48
0.42000000000000004
0.49
0.48
0.54
0.6699999999999999
0.51
0.48
0.47
0.43
0.47
0.36
0.44
0.5
0.63
0.47000000000000003
0.58
0.53
0.54
0.43000000000000005
0.49
0.41000000000000003
0.39999999999999997
0.49
0.53
0.53
0.52
0.59
0.52
0.44
0.41000000000000003
0.43
0.34
0.5
0.51
0.5800000000000001
0.5800000000000001
0.61
0.53
0.45
0.53
0.38
0.45
0.37
0.49
0.54
0.5700000000000001
0.55
0.62
0.53
0.49
0.44999999999999996
0.36
0.44
0.44
0.52
0.54
0.58
0.61
0.6
0.48000000000000004
0.46
0.33
0.3
0.46
0.32
0.44999999999999996
0.61
0.59
0.56
0.48000000000000004
0.46
0.38
0.27
0.32
0.38
0.55
0.5700000000000001
0.62
0.6
0.5900000000000001
0.5
0.37
0.23
0.28
0.35000000000000003
0.37
0.5
0.5800000000000001
0.62
0.55
0.53
0.47000000000000003
0.32999999999999996
0.22999999999999998
0.27
0.38
0.44
0.54
0.6
0.6699999999999999
0.53
0.47
0.33999999999999997
0.31
0.34
0.27
0.38
0.51
0.6200000000000001
0.63
0.6
0.54
0.52
0.33999999999999997
0.3
0.29
0.33999999999999997
0.33
0.52
0.62
0.71
0.63
0.5900000000000001
0.37
0.16
0.26
0.23
0.29000000000000004
0.43
0.56
0.75
0.65
0.51
0.45
0.38
0.2
0.25
0.24
0.43
0.5700000000000001
0.6499999999999999
0.8
0.6799999999999999
0.53
0.39
0.23
0.24
0.26
0.31
0.44
0.57
0.59
0.67
0.58
0.44999999999999996
0.36000000000000004
0.25
0.14
0.3
0.45999999999999996
0.56
0.7000000000000001
0.61
0.7
0.5900000000000001
0.41
0.25
0.23
0.19
0.35
0.44
0.56
0.6799999999999999
0.62
0.54
0.41000000000000003
0.34
0.34
0.15000000000000002
0.2
0.35
0.5700000000000001
0.65
0.6
0.6299999999999999
0.48
0.37
0.33
0.28
0.25
0.31
0.45999999999999996
0.54
0.68
0.6599999999999999
0.61
0.45999999999999996
0.44
0.22000000000000003
0.27
0.16999999999999998
0.44
0.53
0.61
0.74
0.53
0.55
0.51
0.25
0.24
0.29000000000000004
0.25
0.4
0.52
0.61
0.69
0.5599999999999999
0.43999999999999995
0.36
0.29
0.25
0.33
0.37
0.5
0.63
0.7000000000000001
0.63
0.57
0.4
0.47
0.32
0.32
0.25
0.43
0.53
0.5800000000000001
0.6599999999999999
0.5700000000000001
0.49
0.41000000000000003
0.30000000000000004
0.19
0.33999999999999997
0.35
0.53
0.6
0.7
0.59
0.6000000000000001
0.5
0.42000000000000004
0.29000000000000004
0.28
0.26
0.44999999999999996
0.55
0.49
0.5800000000000001
0.63
0.55
0.45
0.36000000000000004
0.28
0.33
0.35
0.48
0.61
0.66
0.61
0.52
0.52
0.39
0.32
0.32
0.42000000000000004
0.46
0.44
0.48
0.6399999999999999
0.57
0.5800000000000001
0.45
0.33999999999999997
0.42000000000000004
0.35
0.37
0.48
0.48
0.5700000000000001
0.6900000000000001
0.5700000000000001
0.51
0.47000000000000003
0.44
0.38
0.37
0.35
0.53
0.47
0.58
0.6000000000000001
0.61
0.54
0.41000000000000003
0.38
0.36
0.44999999999999996
0.43000000000000005
0.5700000000000001
0.5800000000000001
0.54
0.5700000000000001
0.62
0.39
0.44999999999999996
0.49
0.29000000000000004
0.52
0.44
0.51
0.48
0.6200000000000001
0.6
0.49
0.52
0.47
0.41000000000000003
0.47
0.46
0.43
0.48000000000000004
0.53
0.51
0.47
0.51
0.43
0.42000000000000004
0.43
0.41000000000000003
0.46
0.48
0.42
0.62
0.48
0.5700000000000001
0.42
0.48
0.43000000000000005
0.47000000000000003
0.44
0.45999999999999996
0.43000000000000005
0.56
0.54
0.52
0.53
0.5800000000000001
0.55
0.49
0.43000000000000005
0.44000000000000006
0.4
0.53
0.48
0.61
0.52
0.48
0.5599999999999999
0.47
0.49
0.51
0.49
0.45
0.4
0.61
0.52
0.54
0.52
0.5700000000000001
0.5
0.43
0.39
0.41000000000000003
0.42000000000000004
0.51
0.54
