0.64
0.5800000000000001
0.52
0.6
0.54
0.4
0.38
0.45999999999999996
0.49
0.41000000000000003
0.62
0.47
0.58
0.51
0.47000000000000003
0.47
0.38
0.51
0.44
0.5800000000000001
0.49
0.56
0.6
0.5900000000000001
0.54
0.51
0.48
0.41000000000000003
0.37
0.52
0.47
0.51
0.61
0.63
0.53
0.5
0.52
0.46
0.42
0.47
0.38
0.53
0.54
0.6100000000000001
0.61
0.58
0.64
0.47
0.42000000000000004
0.5
0.49
0.5
0.6000000000000001
0.5900000000000001
0.63
0.62
0.5800000000000001
0.52
0.44
0.41000000000000003
0.5
0.31999999999999995
0.48
0.49
0.71
0.63
0.65
0.52
0.44000000000000006
0.42000000000000004
0.39999999999999997
0.47000000000000003
0.44
0.5
0.57
0.64
0.62
0.6
0.51
0.49
0.41000000000000003
0.28
0.46
0.48
0.5900000000000001
0.65
0.63
0.6699999999999999
0.55
0.5599999999999999
0.52
0.31
0.44
0.44
0.43999999999999995
0.64
0.5900000000000001
0.69
0.7000000000000001
0.51
0.49
0.38
0.36
0.42000000000000004
0.52
0.58
0.68
0.7000000000000001
0.68
0.62
0.55
0.37
0.42
0.31
0.4
0.41
0.6
0.63
0.8400000000000001
0.76
0.61
0.48
0.36
0.35
0.42000000000000004
0.5
0.6
0.61
0.6799999999999999
0.7
0.7
0.54
0.47000000000000003
0.39
0.3
0.39
0.53
0.5700000000000001
0.62
0.8300000000000001
0.77
0.64
0.51
0.45
0.33
0.32
0.42
0.61
0.7
0.73
0.77
0.72
0.58
0.5700000000000001
0.4
0.36
0.31
0.45999999999999996
0.56
0.75
0.72
0.71
0.6699999999999999
0.56
0.38999999999999996
0.43
0.33
0.43
0.48
0.71
0.7999999999999999
0.76
0.75
0.56
0.49
0.32999999999999996
0.36
0.29000000000000004
0.45
0.53
0.77
0.76
0.7899999999999999
0.69
0.5800000000000001
0.48
0.36
0.39
0.37
0.5700000000000001
0.61
0.79
0.75
0.72
0.6799999999999999
0.53
0.4
0.37
0.39
0.49
0.57
0.77
0.67
0.78
0.71
0.52
0.5
0.36
0.26
0.32999999999999996
0.5
0.61
0.79
0.69
0.71
0.6900000000000001
0.44999999999999996
0.43999999999999995
0.33
0.45999999999999996
0.49
0.5800000000000001
0.7
0.7
0.76
0.72
0.56
0.45999999999999996
0.45
0.32
0.37
0.5700000000000001
0.63
0.76
0.82
0.6900000000000001
0.64
0.49
0.42
0.39
0.47000000000000003
0.35000000000000003
0.58
0.6799999999999999
0.76
0.7
0.5900000000000001
0.64
0.4
0.36
0.34
0.41000000000000003
0.47000000000000003
0.61
0.63
0.72
0.73
0.6200000000000001
0.53
0.47
0.41000000000000003
0.38999999999999996
0.42
0.5599999999999999
0.61
0.7200000000000001
0.66
0.68
0.64
0.47
0.38
0.43000000000000005
0.45999999999999996
0.37
0.54
0.66
0.74
0.65
0.56
0.49
0.45999999999999996
0.41000000000000003
0.44
0.42
0.48
0.61
0.69
0.6900000000000001
0.5700000000000001
0.63
0.53
0.43
0.39
0.42000000000000004
0.51
0.55
0.66
0.61
0.72
0.59
0.57
0.45
0.32999999999999996
0.37
0.39
0.53
0.53
0.53
0.56
0.54
0.52
0.52
0.42
0.47
0.4
0.45
0.48
0.5
0.58
0.61
0.67
0.55
0.55
0.43
0.32
0.39999999999999997
0.56
0.5700000000000001
0.54
0.58
0.49
0.56
0.6499999999999999
0.53
0.43000000000000005
0.46
0.4
0.43
0.52
0.63
0.54
0.53
0.53
0.52
0.54
0.42
0.38
0.48
0.59
0.56
0.54
0.5800000000000001
0.55
0.56
0.53
0.45
0.51
0.43
0.43
0.53
0.48000000000000004
0.55
0.61
0.53
0.5
0.52
0.5
0.54
0.48
0.53
0.47
0.54
0.53
0.6000000000000001
0.6
0.47000000000000003
0.5700000000000001
0.5
0.39
0.46
0.43
0.48
0.55
0.61
0.62
0.5700000000000001
0.55
0.59
0.45
0.47
0.56
0.42
0.41000000000000003
0.51
0.47000000000000003
0.54
0.66
0.53
0.5700000000000001
0.47000000000000003
