0.6
0.5700000000000001
0.6
0.49
0.45
0.42
0.43999999999999995
0.56
0.52
0.57
0.5700000000000001
0.54
0.52
0.49
0.42
0.48
0.42
0.53
0.45999999999999996
0.42
0.53
0.51
0.49
0.53
0.59
0.51
0.46
0.4
0.42
0.49
0.51
0.5800000000000001
0.5700000000000001
0.55
0.54
0.55
0.5800000000000001
0.44
0.53
0.44
0.48
0.47
0.54
0.52
0.62
0.49
0.52
0.45
0.33
0.43000000000000005
0.44
0.46
0.49
0.51
0.5800000000000001
0.7000000000000001
0.59
0.58
0.51
0.32
0.37
0.44
0.43
0.6
0.5900000000000001
0.65
0.5700000000000001
0.51
0.5
0.4
0.31
0.39999999999999997
0.42000000000000004
0.52
0.5700000000000001
0.61
0.7100000000000001
0.6699999999999999
0.56
0.4
0.39
0.46
0.37
0.38
0.6000000000000001
0.59
0.66
0.7
0.61
0.54
0.44999999999999996
0.39
0.43
0.4
0.44
0.5800000000000001
0.73
0.64
0.71
0.61
0.37
0.34
0.32999999999999996
0.41
0.47
0.52
0.7
0.76
0.66
0.59
0.55
0.43
0.43
0.41
0.39
0.46
0.59
0.6699999999999999
0.71
0.7
0.5900000000000001
0.62
0.43
0.31
0.37
0.38999999999999996
0.59
0.7200000000000001
0.79
0.78
0.7999999999999999
0.51
0.49
0.49
0.24
0.41000000000000003
0.44
0.64
0.78
0.8400000000000001
0.75
0.61
0.49
0.38
0.27999999999999997
0.36000000000000004
0.48
0.54
0.65
0.7
0.74
0.7000000000000001
0.5800000000000001
0.42
0.37
0.39
0.32
0.5
0.59
0.58
0.76
0.77
0.7
0.59
0.39999999999999997
0.4
0.27
0.39
0.53
0.66
0.79
0.8200000000000001
0.73
0.6699999999999999
0.55
0.34
0.34
0.32999999999999996
0.53
0.62
0.6799999999999999
0.74
0.73
0.67
0.56
0.34
0.38
0.35000000000000003
0.33999999999999997
0.45
0.63
0.73
0.75
0.7
0.54
0.42000000000000004
0.34
0.33
0.39
0.45999999999999996
0.6499999999999999
0.6
0.78
0.74
0.74
0.65
0.46
0.33
0.4
0.37
0.43999999999999995
0.63
0.79
0.77
0.74
0.64
0.5
0.37
0.35000000000000003
0.37
0.43
0.56
0.6699999999999999
0.76
0.74
0.68
0.59
0.39999999999999997
0.33
0.27
0.39
0.44999999999999996
0.51
0.73
0.77
0.7899999999999999
0.7000000000000001
0.54
0.35
0.33999999999999997
0.33
0.39
0.61
0.66
0.77
0.72
0.65
0.55
0.39
0.43000000000000005
0.26
0.46
0.48
0.59
0.69
0.71
0.75
0.64
0.59
0.35000000000000003
0.41
0.42000000000000004
0.41000000000000003
0.54
0.56
0.65
0.73
0.68
0.55
0.45
0.38
0.31
0.33999999999999997
0.45
0.62
0.62
0.63
0.62
0.59
0.46
0.46
0.39
0.36
0.44999999999999996
0.43000000000000005
0.64
0.62
0.68
0.7
0.58
0.47
0.39
0.4
0.39
0.46
0.47000000000000003
0.72
0.62
0.71
0.62
0.5
0.49
0.4
0.45
0.45999999999999996
0.46
0.61
0.53
0.6599999999999999
0.7
0.64
0.38
0.42000000000000004
0.42000000000000004
0.43
0.6
0.53
0.54
0.62
0.6799999999999999
0.55
0.55
0.45999999999999996
0.43000000000000005
0.42
0.37
0.49
0.52
0.55
0.64
0.61
0.65
0.41000000000000003
0.54
0.45
0.45999999999999996
0.5
0.52
0.52
0.61
0.47
0.61
0.5900000000000001
0.5700000000000001
0.46
0.38999999999999996
0.45999999999999996
0.48
0.58
0.61
0.6000000000000001
0.52
0.63
0.54
0.49
0.42
0.49
0.49
0.39999999999999997
0.43
0.52
0.56
0.5900000000000001
0.5800000000000001
0.54
0.54
0.39
0.46
0.54
0.49
0.52
0.61
0.5800000000000001
0.56
0.55
0.5599999999999999
0.53
0.5
0.39
0.37
0.51
0.44999999999999996
0.49
0.49
0.52
0.45
0.55
0.56
0.56
0.53
0.54
0.44
0.43
0.49
0.49
0.51
0.63
0.61
0.53
0.41
