0.51
0.52
0.6000000000000001
0.52
0.49
0.55
0.47
0.47
0.53
0.48
0.5800000000000001
0.5599999999999999
0.44
0.47000000000000003
0.54
0.54
0.46
0.41000000000000003
0.46
0.6
0.52
0.5900000000000001
0.63
0.56
0.51
0.62
0.47
0.42000000000000004
0.4
0.47000000000000003
0.37
0.5
0.55
0.66
0.54
0.51
0.41000000000000003
0.42000000000000004
0.41000000000000003
0.38
0.38
0.54
0.54
0.55
0.75
0.51
0.5900000000000001
0.53
0.42
0.43000000000000005
0.34
0.54
0.6000000000000001
0.57
0.73
0.64
0.64
0.5
0.41
0.37
0.44999999999999996
0.33
0.49
0.56
0.56
0.64
0.61
0.52
0.53
0.45
0.42000000000000004
0.38
0.51
0.5
0.55
0.63
0.65
0.6900000000000001
0.49
0.54
0.36
0.31
0.39999999999999997
0.37
0.5900000000000001
0.59
0.6799999999999999
0.67
0.5900000000000001
0.52
0.49
0.43
0.43
0.4
0.54
0.5599999999999999
0.62
0.75
0.7
0.6
0.49
0.41000000000000003
0.35000000000000003
0.41000000000000003
0.37
0.45999999999999996
0.6699999999999999
0.7
0.68
0.62
0.56
0.49
0.31
0.29000000000000004
0.48
0.42
0.63
0.73
0.73
0.7
0.47
0.53
0.33999999999999997
0.36
0.35000000000000003
0.44999999999999996
0.55
0.7000000000000001
0.7
0.73
0.64
0.6799999999999999
0.48
0.36000000000000004
0.3
0.44
0.47
0.62
0.7200000000000001
0.73
0.61
0.63
0.44
0.44
0.41
0.37
0.41
0.54
0.6799999999999999
0.77
0.78
0.7
0.56
0.49
0.36000000000000004
0.3
0.39
0.46
0.5700000000000001
0.74
0.82
0.76
0.74
0.51
0.44999999999999996
0.28
0.3
0.42000000000000004
0.44
0.66
0.78
0.72
0.63
0.59
0.49
0.42
0.26
0.37
0.56
0.5800000000000001
0.6799999999999999
0.79
0.7799999999999999
0.64
0.49
0.46
0.28
0.39
0.37
0.51
0.5700000000000001
0.6699999999999999
0.8300000000000001
0.71
0.58
0.38
0.38
0.33
0.32999999999999996
0.4
0.63
0.65
0.8
0.79
0.69
0.56
0.41
0.36
0.27
0.38
0.55
0.69
0.72
0.81
0.74
0.61
0.45
0.37
0.3
0.34
0.54
0.54
0.7100000000000001
0.74
0.76
0.64
0.59
0.42
0.29
0.39
0.38
0.41
0.63
0.63
0.77
0.7
0.66
0.38
0.39
0.36000000000000004
0.36000000000000004
0.45999999999999996
0.57
0.67
0.79
0.77
0.6
0.67
0.44
0.3
0.41000000000000003
0.38
0.5
0.63
0.69
0.7
0.73
0.61
0.47
0.37
0.44
0.45
0.49
0.5700000000000001
0.58
0.62
0.66
0.56
0.62
0.52
0.5
0.39
0.31
0.47
0.63
0.64
0.73
0.69
0.6799999999999999
0.5599999999999999
0.45999999999999996
0.42
0.32999999999999996
0.43000000000000005
0.54
0.61
0.71
0.6799999999999999
0.51
0.5900000000000001
0.43999999999999995
0.37
0.33999999999999997
0.39999999999999997
0.5700000000000001
0.49
0.59
0.6499999999999999
0.71
0.6399999999999999
0.5
0.5
0.34
0.43
0.38
0.63
0.54
0.65
0.58
0.75
0.5800000000000001
0.5
0.46
0.38
0.43
0.45
0.48
0.52
0.62
0.6
0.5900000000000001
0.52
0.42000000000000004
0.35
0.36000000000000004
0.42
0.49
0.55
0.51
0.77
0.5700000000000001
0.58
0.47000000000000003
0.5800000000000001
0.44
0.38
0.39
0.45
0.5
0.52
0.53
0.55
0.54
0.44
0.47
0.49
0.44
0.45999999999999996
0.51
0.53
0.61
0.6300000000000001
0.53
0.53
0.46
0.52
0.5
0.52
0.48
0.46
0.52
0.61
0.57
0.6499999999999999
0.5800000000000001
0.5
0.39
0.51
0.41000000000000003
0.48000000000000004
0.48
0.53
0.53
0.5800000000000001
0.56
0.5499999999999999
0.51
0.52
0.41000000000000003
0.35
0.35
0.38
0.46
0.52
0.5
0.54
0.5900000000000001
0.5700000000000001
0.5599999999999999
0.48
0.44000000000000006
0.51
0.55
0.48
0.55
0.56
0.59
0.6000000000000001
0.52
0.48000000000000004
