[ 0.04913609  0.37382322 -0.32778187 -0.0773474  -0.10834562 -0.6261497
  0.57572079  0.09571637]
[ 0.24265574  0.06551937  0.35558801  0.10911449 -0.61770275 -0.48757294
 -0.30923544 -0.28907781]
[-0.22141915 -0.00827574 -0.05078932  0.57669601  0.41092525 -0.18824002
 -0.01084157 -0.64135468]
[ 0.42387193 -0.42053072 -0.41528335  0.34514856 -0.39061652  0.29273788
  0.31476803 -0.12059465]


[ 0.27235799 -0.18898252 -0.3275731   0.06713467  0.0465029  -0.33968785
 -0.20734825  0.78597193]
[-0.05800287  0.30141054 -0.35381954  0.1778937   0.19880787 -0.64303732
  0.49267431 -0.23065858]
[-0.3034564   0.05240402 -0.30700626  0.0111015   0.55085885  0.55445871
  0.34197732  0.28805126]
[ 0.19250703 -0.64710578  0.03263295 -0.48537415  0.43109845 -0.20329911
  0.15892284 -0.2347537 ]
[-0.07589055 -0.25083465 -0.05384249  0.657064    0.43772591 -0.05967154
 -0.47852612 -0.26932987]
[-0.23457283 -0.32729605  0.61054429  0.3832709  -0.07025421 -0.13687445
  0.45867287  0.2900705 ]
[-0.73781814 -0.35971185 -0.36362776 -0.14343531 -0.3605102  -0.1472996
 -0.13813227 -0.05184243]
[-0.40078783  0.36638455  0.40537254 -0.3719868   0.39269988 -0.30370576
 -0.33021445  0.21665279]

[ 0.12196771  0.27223671 -0.27660463 -0.35846789 -0.23350472 -0.39883808
  0.48943566  0.50285005]
[ 0.11736561 -0.15493093 -0.38309489  0.542004    0.29702015 -0.56636318
 -0.22537962  0.24881217]
[ 0.27179139 -0.37660145  0.10438346 -0.19972931 -0.1645551   0.1684511
 -0.48212152  0.66754608]
[ 0.31831606  0.30455089 -0.246783   -0.20438535 -0.34310342 -0.25181453
 -0.57447067 -0.43829369]
[ 0.22376349 -0.61207354  0.09850993 -0.49943575  0.31845557 -0.32418257
  0.12908927 -0.30493158]
[ 0.0196421  -0.13400555  0.64443277  0.31662425 -0.50707718 -0.44379494
  0.10959019 -0.00457968]
[ 0.43455803 -0.38590928 -0.40630255  0.29917996 -0.40459718  0.32144597
  0.33946363 -0.15931412]
[0.73722449 0.3674685  0.34795597 0.14204806 0.37706911 0.13176962
 0.13435577 0.05118709]

[ 0.27386536  0.18362071  0.16392037  0.02343518 -0.59157823 -0.42903639
 -0.44946265 -0.35750302]
[-0.23824722  0.32057126  0.23073054 -0.38648552 -0.13882726  0.33968602
  0.43715672 -0.55865829]
[-0.40578452  0.41696758  0.36719991 -0.2933158   0.39782467 -0.39032472
 -0.30419713  0.19352849]
[ 0.16889033 -0.1541503   0.28408859 -0.5533994  -0.38509401  0.37759581
 -0.18047603  0.48714365]
[ 0.28718794 -0.35378094 -0.29490133 -0.59121117  0.39150208 -0.12692498
 -0.20961974 -0.37754527]
[-0.15974205 -0.28657655  0.39090462  0.27866121  0.16716147  0.49428609
 -0.54702547 -0.30066478]
[ 0.00558912 -0.59217009  0.58948739  0.04518359  0.01983587 -0.42317515
  0.34674599 -0.00793427]
[0.75193912 0.36741247 0.357795   0.10719749 0.35815404 0.11437329
 0.13314374 0.03168993]
 
[ 0.22862772  0.12275712 -0.1546308  -0.46843307 -0.38019966 -0.15900445
  0.19871707  0.69281827]
[-0.17217742  0.48270163 -0.13231334 -0.13382788 -0.08397906 -0.26564965
  0.64981312 -0.44950866]
[-0.10566767  0.63976681 -0.02365497  0.41324843 -0.49914318  0.21262879
 -0.29346403  0.16650196]
[ 0.36643509  0.00321936  0.07578369 -0.26092258 -0.39116491 -0.47254464
 -0.4515205  -0.46012174]
[-0.12853152  0.01320336  0.45916854 -0.5163316  -0.22609586  0.63971863
 -0.02364244 -0.21202129]
[-0.4053933   0.38348661  0.36516306 -0.27867809  0.4279195  -0.38286714
 -0.32876598  0.19949773]
[-0.14783191 -0.26072047  0.70740109  0.33217492 -0.33369697 -0.30228655
  0.29271921  0.10487478]
[0.7395264  0.36534361 0.3794706  0.13742538 0.3558259  0.12599158
 0.11897219 0.01003673]
 
[ 0.08390467  0.67880416 -0.46511307  0.07971069 -0.23937191  0.22781683
 -0.44693362 -0.02349224]
[-0.31772922  0.24559757  0.09598501  0.20758896  0.12039394  0.13638389
  0.31052882 -0.81049384]
[-0.32119185  0.2327812   0.33682828  0.59114648 -0.28421918  0.20229972
  0.24503132  0.44496651]
[-0.19974471 -0.04235011 -0.39211188 -0.15863493  0.6058567   0.52315402
  0.27224173  0.25401522]
[-0.03927556 -0.15246642 -0.26177826  0.69497299  0.46887189 -0.33775214
 -0.29962162  0.00237427]
[ 0.079692    0.31427333 -0.43537652 -0.05368469 -0.04898997 -0.56469533
  0.59532813  0.16355517]
[-0.42941183  0.44063018  0.3847848  -0.33616018  0.39594831 -0.3114527
 -0.27622065  0.17410291]
[0.76378219 0.34039353 0.35971797 0.10689738 0.36280228 0.10734888
 0.12227873 0.04293699]
 
[-0.80662444 -0.41321937 -0.40851298 -0.10827698]
[-0.02077957  0.71354406 -0.69637702  0.07404147]
[-0.26052298  0.07393159  0.18375697  0.94493136]
[-0.52949708  0.5634189   0.55916831 -0.2992036 ]

[-0.81174488 -0.40891669 -0.40488445 -0.09962919]
[ 0.02688303  0.65490893 -0.59726799 -0.46221483]
[-0.21585839  0.42816755 -0.20372536  0.85356528]
[-0.54169809  0.47082737  0.66169833 -0.21688728]
[ 0.08546172 -0.76843567  0.60477224 -0.1909279 ]
[-0.52627198  0.55190361  0.59651772 -0.25021354]
[ 0.17893009  0.08950296 -0.2254007  -0.95350289]
[0.79509779 0.40384638 0.42930784 0.14290693]
[0.80768528 0.41339452 0.40867773 0.09865079]
[ 0.23659705 -0.07239765 -0.15063311 -0.95712595]
[ 0.03736504 -0.72963545  0.68126034 -0.0460469 ]
[ 0.53990108 -0.53693922 -0.59024714  0.2679765 ]
[0.80452293 0.40732343 0.42082925 0.09865709]
[0.80493664 0.40521377 0.42228469 0.09774683]
[0.80469156 0.40698181 0.42093581 0.0982362 ]
[0.80477555 0.40790888 0.41967263 0.09910374]
[0.80451969 0.40726652 0.42089557 0.09863555]
[0.80450999 0.407093   0.42106328 0.09871515]
[0.80473098 0.40913473 0.41856961 0.09907725]
[ 0.11181073  0.31424879 -0.30516896 -0.89197419]
[-0.11835304  0.67622614 -0.52878585  0.49909546]
[-0.17494825  0.49808944 -0.32409559  0.78502361]
[ 0.17223479 -0.43938218  0.28325421 -0.83489253]
[-0.20213661  0.1674256  -0.0011424   0.96493946]
[ 0.20292207 -0.0715004  -0.09135743 -0.97229838]
[-0.16159166 -0.15001927  0.22975839  0.94794168]
[ 0.22208163  0.25413809 -0.48504704 -0.80673599]
[-0.08480937 -0.56709472  0.57772633  0.58089865]
[-0.12210991 -0.55641015  0.65792475  0.49257683]
[ 0.05756672  0.67039196 -0.73205735 -0.10654923]
[ 0.53690766 -0.56156951 -0.55166532  0.30337308]
[ 0.04889286  0.60107355 -0.74558916  0.28357871]
[ 0.56121268 -0.51213022 -0.62039751  0.19460189]
[ 0.5553353  -0.57468451 -0.55612179  0.22818629]
[-0.55858051  0.59514204  0.53557752 -0.21668063]
[-0.11153802 -0.59182827  0.79665548 -0.05136742]
[-0.10193729  0.69160816 -0.57225479  0.42873232]
[ 0.57411116 -0.50175429 -0.63693439  0.11381386]
[-0.54455661  0.69387164  0.42480697 -0.2038119 ]
[-0.80745633 -0.41341201 -0.40952517 -0.09692226]
[-0.80881139 -0.41312047 -0.40782822 -0.09397737]
[-0.80808816 -0.41247787 -0.40933404 -0.09644258]
[-0.80849987 -0.41281862 -0.40852527 -0.09495184]
[-0.80799785 -0.41278858 -0.40917566 -0.09654188]
[ 0.08532136  0.58685952 -0.6561192  -0.46671594]
[ 0.04614521  0.65440625 -0.68662534 -0.31331887]
[-0.05185119 -0.65321769  0.70210541  0.27868639]
[ 0.06407033  0.62992135 -0.68077009 -0.36830173]
[ 0.06424154  0.61415104 -0.6410916  -0.45573357]
[ 0.18044747 -0.29696067  0.15218031 -0.9252536 ]
[-0.18328213  0.27553804 -0.1291832   0.93477171]
[ 0.17699334 -0.33573779  0.19538577 -0.90431073]
[ 0.55631447 -0.56072378 -0.58254182  0.1916979 ]
[ 0.5659586  -0.59145505 -0.55614742  0.14342884]
[ 0.55530123 -0.57355241 -0.56864573  0.19829325]
[ 0.55533361 -0.5686455  -0.57509538  0.19368059]
[-0.50586083  0.44690883  0.6386869  -0.3694    ]
[-0.13705655  0.36898915 -0.30675633  0.86658125]
[ 0.29150451 -0.50228968  0.12060285 -0.80509946]
[0.80932073 0.4116009  0.40776686 0.09649271]
[0.80942269 0.41183676 0.40745148 0.0959619 ]
[ 0.2360558   0.0327662  -0.27520329 -0.93137918]
[ 0.17593734 -0.5164943   0.35783986 -0.75777987]
[ 0.02449111  0.62517949 -0.73944107  0.24855118]
[ 0.53948445 -0.66447365 -0.45337194  0.24876732]
[ 0.08861037  0.53315486 -0.5728754  -0.61620441]
[-0.55178991  0.52718604  0.6151676  -0.19791814]
[ 0.09393927 -0.65267069  0.53633211 -0.52682468]
[ 0.15728911  0.31365665 -0.46941548 -0.81026462]
[ 0.55961295 -0.55704196 -0.5665727   0.23565437]
[0.79976365 0.40611772 0.43168456 0.09536738]
[-0.09789328 -0.64990628  0.70633901  0.2629143 ]
[ 0.52161552 -0.556847   -0.56241547  0.31863381]
[-0.23582889  0.30816331 -0.02922329  0.92117648]
[0.79961503 0.39856426 0.43170711 0.12406169]
[-0.52649807  0.56732885  0.56189804 -0.29190469]
[-0.22941723  0.25968287 -0.02015691  0.9378306 ]
[-0.06996423 -0.66692403  0.71275317  0.20567027]
[0.81562096 0.39561439 0.41242728 0.09030748]
[-0.11534206  0.64616955 -0.48077745  0.58138986]
[0.81787217 0.4127419  0.39280034 0.08023173]
[ 0.18979743  0.30103217 -0.53637116 -0.76528592]
[-0.52305447  0.57467424  0.549991   -0.30606116]
[ 0.15829329 -0.55835885  0.41786452 -0.6989763 ]
[ 0.19197515  0.43057862 -0.60829935 -0.63852917]
[ 0.54067301 -0.59059418 -0.53563999  0.26825549]
[0.79365301 0.41312879 0.42707252 0.13057013]
[ 0.22893574  0.04263047 -0.21367957 -0.94874238]
[-0.82152524 -0.39793893 -0.3992069  -0.08587634]
[ 0.00927715 -0.69763016  0.6974411  -0.16371319]
[ 0.53960399 -0.59036762 -0.54566694  0.25008238]
[-0.79136852 -0.42822507 -0.41848962 -0.12339204]
[ 0.24025949 -0.47173217  0.26050421 -0.80739191]
[ 0.08722118  0.55544342 -0.64327966 -0.51967909]
[ 0.55135619 -0.52653715 -0.59630438  0.25136837]
[ 0.02708277 -0.72579968  0.68409106  0.06708778]
[ 0.22037248 -0.14873775 -0.07827615 -0.96082563]
[0.81612271 0.39023517 0.41559431 0.09456011]
[-0.54537936  0.52143377  0.60921343 -0.24398192]
[ 0.2220803  -0.33219706  0.11858273 -0.90899042]
[ 0.10723651  0.64152308 -0.7162826  -0.25276015]
[-0.54860707  0.58536724  0.54253726 -0.24905582]
[-0.81536415 -0.38609499 -0.42328065 -0.08333936]
[-0.53955084  0.51996659  0.60611105 -0.26673777]
[ 0.1986249  -0.55628447  0.32006196 -0.74071322]
[ 0.11987538  0.52703534 -0.59479545 -0.59504791]
[-0.79472768 -0.41152632 -0.42807029 -0.12573713]
[ 0.5433309  -0.53950519 -0.57881117  0.28054111]
[-0.79807015 -0.42356964 -0.41417261 -0.11015368]
[-0.20249364 -0.37730951  0.52241232  0.73737319]
[ 0.14377082 -0.64256699  0.44882564 -0.60414664]
[-0.81089447 -0.41184092 -0.40676609 -0.08589851]
[-0.17571363  0.53535328 -0.34204285  0.75201614]
[ 0.16611357  0.44193098 -0.66488971 -0.57881341]
[-0.53196601  0.59069556  0.52457108 -0.30482144]

[-0.7507537  -0.35882224 -0.36024632 -0.12360301 -0.3597298  -0.12547076
 -0.12802039 -0.03197971]
[-0.03988523  0.61999748 -0.01646899  0.40541724 -0.56762409  0.07947207
 -0.34049972  0.07017796]
[-0.01159825  0.31195807 -0.6922637  -0.20466454  0.39196529  0.43766028
 -0.1903773   0.00205253]
[ 0.37369257  0.02776712 -0.15957849 -0.38827343 -0.19207067 -0.41993224
 -0.35048558 -0.58931055]
[-0.3021609   0.01308852  0.20674528  0.39035826  0.25685357  0.25775347
 -0.01512848 -0.76207927]
[ 0.19888237 -0.42744367 -0.17494091  0.5442212   0.25082683 -0.18344993
 -0.56747978  0.17987606]
[ 0.02607864 -0.24103826  0.42626539 -0.36634177 -0.14010657  0.57720469
 -0.5171719   0.0710641 ]
[-0.40523661  0.38361103  0.33012615 -0.21115895  0.45866929 -0.42008133
 -0.34642843  0.16791661]
 
[-0.75247838 -0.35911733 -0.35681658 -0.12507465 -0.36120429 -0.12340367
 -0.1230989  -0.03160623]
[ 0.11560291  0.16324134 -0.65848394 -0.42471588  0.40589718  0.26077633
 -0.24301179 -0.23279179]
[-0.24239903 -0.40470482  0.03148512 -0.02462235  0.6081173   0.18295076
  0.56935274  0.22004312]
[-0.20022862  0.04769636 -0.07910532  0.68618357  0.39890328 -0.24256749
 -0.18170215 -0.47911327]
