[-0.02077956636589814, 0.7135440561151037, -0.6963770173748621, 0.07404146997826241]
[0.02688303137394182, 0.6549089268291101, -0.5972679860682579, -0.46221483425097715]
[0.037365036951845024, -0.729635449551542, 0.6812603374569041, -0.04604690412407423]
[0.04614521342046684, 0.654406254354464, -0.6866253392317608, -0.3133188744155218]
[0.0853213599336773, 0.58685951686639, -0.6561192009724752, -0.4667159383582866]
[-0.05185118716264742, -0.6532176879542968, 0.7021054052338052, 0.2786863944919832]
[0.06407033282283042, 0.6299213507908373, -0.6807700949479746, -0.36830172697714075]
[0.06424153947889352, 0.6141510355045751, -0.641091599603007, -0.4557335747040125]
[0.024491110578956837, 0.6251794903463236, -0.7394410736085859, 0.24855117986745154]
[0.0886103740997923, 0.5331548580800912, -0.5728754039123088, -0.6162044064267972]
