[0.5596129457992017, -0.5570419568392535, -0.566572701960089, 0.23565437107823645]
[0.521615522432661, -0.5568470028547337, -0.5624154695144057, 0.318633805205746]
[-0.5264980678570546, 0.5673288528233529, 0.5618980398348128, -0.2919046935674762]
[-0.5230544741125469, 0.5746742412691055, 0.5499910013837194, -0.30606115717215504]
[0.5406730121760777, -0.5905941755015803, -0.5356399941264794, 0.2682554947437995]
[0.5396039922072763, -0.5903676210448872, -0.5456669359464801, 0.250082383686957]
[0.5513561941357213, -0.5265371534782929, -0.596304380110688, 0.2513683740170149]
[-0.5453793599316901, 0.5214337656824138, 0.6092134318246548, -0.24398191787750265]
[-0.5486070727733062, 0.585367235202315, 0.542537259485241, -0.2490558205000363]
[-0.5395508363171082, 0.519966589452693, 0.6061110480578521, -0.2667377706749752]
