[-0.2605229809608608, 0.07393159338123542, 0.18375696510297315, 0.9449313592359623]
[-0.2158583857237734, 0.42816754614573993, -0.20372535504646538, 0.8535652813062711]
[0.23659705332272982, -0.07239764739038225, -0.15063311222912193, -0.9571259480922603]
[0.18044746801355885, -0.29696067093559814, 0.152180313546529, -0.9252535994925151]
[-0.13705655133262643, 0.3689891544342587, -0.3067563287991269, 0.8665812485787928]
[-0.18328213259494208, 0.2755380408560715, -0.12918320330344746, 0.9347717089733236]
[0.176993344678667, -0.3357377896345617, 0.19538577459861978, -0.9043107273693345]
[0.2915045140899147, -0.5022896806932693, 0.12060284949561244, -0.8050994644314421]
[0.23605580479419164, 0.03276619788101382, -0.27520329387747605, -0.9313791818257354]
[0.1759373401939275, -0.5164942956715363, 0.3578398644144359, -0.7577798666500108]
