0.0285
0.081
0.2067
0.3644
0.4954
0.5491
0.5117
0.3986
0.2468
0.1077
0.0337
0.0474
0.1536
0.2985
0.4478
0.5405
0.5462
0.4646
0.3157
0.1619
0.0516
0.033
0.1062
0.2528
0.4073
0.5243
0.5594
0.5019
0.3586
0.2056
0.0756
0.0275
0.0716
0.1964
0.3571
0.4844
0.5777
0.5396
0.4273
0.2654
0.1189
0.0356
0.0462
0.1526
0.3008
0.4455
0.5428
0.5591
0.4717
0.3212
0.1672
0.0557
0.0297
0.1003
0.2495
0.3974
0.5289
0.5745
0.5229
0.3867
0.2237
0.0848
0.0297
0.0725
0.1946
0.3601
0.4928
0.5715
0.5434
0.4416
0.2775
0.1338
0.0448
0.0469
0.1406
0.2994
0.4643
0.5593
0.5813
0.5042
0.3545
0.1841
0.067
0.0333
0.1007
0.236
0.4083
0.5306
0.5801
0.5385
0.4063
0.2397
0.1074
0.0388
0.068
0.1883
0.3639
0.5054
0.5937
0.5827
0.4643
0.3143
0.1499
0.0534
0.0471
0.1422
0.2954
0.4533
0.5696
0.601
0.5229
0.3804
0.2135
0.088
0.038
0.0963
0.2351
0.408
0.5534
0.6062
0.5634
0.4346
0.2694
0.1179
0.0413
0.0631
0.1767
0.3399
0.4928
0.5981
0.594
0.4954
0.3338
0.1823
0.0655
0.0525
0.1333
0.2804
0.4559
0.5902
0.6143
0.5454
0.3949
0.2355
0.0969
0.04
0.0874
0.2175
0.3862
0.5425
0.6164
0.5845
0.4799
0.3044
0.1419
0.0542
0.063
0.1689
0.3345
0.4948
0.604
0.6026
0.5221
0.3602
0.1939
0.0747
0.0414
0.1175
0.2634
0.4395
0.5698
0.6261
0.5771
0.4324
0.2596
0.1128
0.0474
0.0829
0.2118
0.3774
0.5278
0.6165
0.6067
0.4881
0.3263
0.16
0.0601
0.0587
0.144
0.3096
0.4787
0.5946
0.6281
0.5467
0.4044
0.2162
0.0876
0.044
0.1049
0.239
0.4213
0.5612
0.6192
0.5754
0.447
0.2804
0.1286
0.0466
0.0668
0.1805
0.3582
0.512
0.6073
0.617
0.5128
0.3597
0.1817
0.0679
0.0541
0.1327
0.2866
0.4589
0.5768
0.609
0.5523
0.4085
0.2365
0.096
0.0388
0.0858
0.2199
0.3969
0.5472
0.6181
0.5745
0.4633
0.2933
0.1321
0.0532
0.0584
0.1632
0.3217
0.4848
0.5916
0.5983
0.5111
0.3615
0.192
0.0711
0.0421
0.1145
0.2537
0.428
0.5575
0.6051
0.5504
0.4067
0.2483
0.1083
0.0365
0.0689
0.1943
0.3604
0.5066
0.5868
0.5696
0.4661
0.3152
0.1467
0.05
0.0472
0.1416
0.2874
0.4517
0.5715
0.5927
0.5093
0.3475
0.1922
0.0733
0.0338
0.0941
0.224
0.387
0.5272
0.5896
0.5414
0.4189
0.2507
0.1127
0.0388
0.0583
0.1773
0.3366
0.4826
0.5665
0.5637
0.4572
0.3133
0.1502
0.0472
0.0388
0.1169
0.2578
0.4271
0.5398
0.5736
0.5049
0.374
0.2069
0.0768
0.0301
0.0845
0.2098
0.3778
0.5107
0.5613
0.5316
0.408
0.2475
0.1091
0.0336
0.0457
0.1561
0.3091
0.4537
0.5547
0.5612
0.4698
0.3143
0.1552
0.0526
0.0348
0.1138
0.2541
0.4074
0.5245
0.5675
0.4863
0.3581
0.2027
0.0784
0.026
0.0721
0.1927
0.3514
0.4859
0.5461
0.5353
0.4242
0.2651
0.1179
0.0349
0.0505
0.1529
0.2976
0.4495
0.5373
0.5482
0.4487
0.3064
0.1571
0.0554
0.0319
0.1004
0.2355
0.3953
0.5301
0.567
0.4962
0.3655
0.2114
0.0788
0.0282
0.0669
0.1905
0.3496
0.4819
0.551
0.5216
0.4162
0.2568
0.1211
0.0337
0.0443
0.1431
0.2952
0.4453
0.5472
0.5524
0.4638
0.3283
0.1627
0.0518
0.0267
0.0957
0.2337
0.3984
0.518
0.5588
