0.9204
0.7428
0.3546
0.0631
0.1013
0.4316
0.7981
0.8939
0.6496
0.262
0.0424
0.181
0.5401
0.8586
0.8659
0.5489
0.1708
0.0372
0.2456
0.6424
0.9066
0.8285
0.4668
0.1169
0.0529
0.3241
0.7239
0.8942
0.7282
0.3511
0.0653
0.1035
0.4431
0.7997
0.9112
0.6713
0.2736
0.0366
0.1562
0.538
0.8509
0.8794
0.5695
0.1973
0.033
0.2309
0.611
0.8812
0.8102
0.4574
0.1138
0.0564
0.3275
0.7262
0.9218
0.7602
0.3754
0.0705
0.0873
0.412
0.7829
0.9
0.668
0.278
0.0455
0.1484
0.5111
0.8415
0.8675
0.5766
0.1976
0.0345
0.2323
0.6258
0.894
0.8444
0.4928
0.1272
0.0455
0.3009
0.6873
0.8941
0.7515
0.3803
0.0786
0.089
0.4115
0.787
0.9024
0.6804
0.2905
0.047
0.1366
0.5116
0.8535
0.892
0.6066
0.2103
0.0352
0.2056
0.5924
0.8718
0.8253
0.4951
0.1319
0.0506
0.31
0.7002
0.9152
0.779
0.4008
0.0821
0.0702
0.3808
0.7674
0.9083
0.6939
0.3015
0.05
0.1337
0.4938
0.8244
0.8756
0.5907
0.2078
0.0336
0.209
0.5952
0.8894
0.8551
0.5152
0.1506
0.0398
0.2797
0.6725
0.8989
0.7726
0.4068
0.0891
0.0803
0.3804
0.7601
0.9086
0.6987
0.314
0.0471
0.1299
0.4751
0.84
0.8973
0.6348
0.2308
0.0358
0.1846
0.5633
0.8627
0.8382
0.5157
0.1506
0.0421
0.274
0.6779
0.9058
0.7956
0.4219
0.0891
0.0663
0.3675
0.7542
0.9158
0.7268
0.3345
0.058
0.114
0.4542
0.8144
0.8821
0.619
0.24
0.0371
0.1925
0.5709
0.8812
0.864
0.5385
0.1606
0.0332
0.2649
0.6529
0.8993
0.7963
0.4396
0.1046
0.0651
0.3413
0.7222
0.8995
0.7184
0.3394
0.0512
0.1116
0.4691
0.8233
0.9076
0.6496
0.2548
0.0394
0.1654
0.5335
0.8497
0.8509
0.5401
0.1696
0.0397
0.2512
0.6479
0.8935
0.8108
0.4397
0.0984
0.0573
0.3465
0.7365
0.9248
0.7498
0.3605
0.0627
0.0996
0.4302
0.7917
0.8827
0.6382
0.2624
0.0396
0.164
0.5388
0.8649
0.8721
0.5531
0.1794
0.0373
0.2317
0.6492
0.8994
0.8239
0.4588
0.1167
0.0595
0.3258
0.7161
0.8975
0.7406
0.3572
0.0652
0.102
0.4321
0.8051
0.9092
0.67
0.2806
0.043
0.1574
0.5185
0.8504
0.87
0.5648
0.1905
0.0345
0.2257
0.62
0.8851
0.8197
0.4622
0.1196
0.0497
0.3296
0.7176
0.9206
0.7706
0.3851
0.075
0.0854
0.4158
0.7656
0.8923
0.6753
0.2832
0.0419
0.1495
0.5137
0.8425
0.8763
0.5801
0.1936
0.0308
0.2172
0.6166
0.8964
0.835
0.4978
0.141
0.0459
0.3029
0.689
0.8944
0.755
0.3865
0.0727
0.0874
0.408
0.7883
0.9136
0.6979
0.2993
0.0482
0.1354
0.5045
0.836
0.8856
0.6082
0.2101
0.0354
0.2103
0.587
0.8767
0.8193
0.4814
0.1341
0.0453
0.3019
0.6983
0.9146
0.7829
0.4058
0.0835
0.0765
0.3843
0.7592
0.8982
0.6945
0.3066
0.0504
0.1295
0.4849
0.8299
0.8776
0.5972
0.2133
0.0328
0.2034
0.5942
0.8866
0.8601
0.5178
0.1534
0.0397
0.275
0.6676
0.8925
0.7748
0.4064
0.0924
0.0757
0.3683
0.7666
0.9115
0.7047
0.3137
0.0478
0.124
0.4759
0.8307
0.9027
0.6315
0.2364
0.0371
0.1852
0.5671
0.8632
0.8437
0.5223
0.1503
0.0417
0.2729
0.6743
0.9097
0.8007
0.4248
0.0955
0.061
0.3623
0.7445
0.9062
0.7254
0.3346
0.0607
0.1129
0.4604
0.8056
0.8873
