0.0386
0.0537
0.0818
0.1161
0.1333
0.1418
0.1275
0.0961
0.076
0.0563
0.0502
0.0531
0.0712
0.0953
0.1203
0.1461
0.1436
0.1248
0.0904
0.0549
0.0379
0.0433
0.0742
0.1081
0.1359
0.1512
0.1419
0.1129
0.0854
0.061
0.0465
0.0457
0.0613
0.0903
0.1235
0.1465
0.1573
0.1436
0.1119
0.0634
0.0374
0.0311
0.0535
0.0913
0.1399
0.1656
0.1583
0.1462
0.1089
0.0742
0.0496
0.0355
0.04
0.073
0.1056
0.1573
0.1745
0.1781
0.1423
0.0978
0.049
0.0223
0.0316
0.0642
0.1174
0.1559
0.1811
0.1788
0.1479
0.1113
0.0662
0.0339
0.0256
0.0399
0.0884
0.1424
0.1821
0.209
0.1933
0.1495
0.078
0.034
0.0175
0.0357
0.0788
0.1352
0.1819
0.199
0.1884
0.1596
0.11
0.0607
0.0238
0.019
0.049
0.104
0.1682
0.2233
0.2298
0.1997
0.1426
0.0752
0.0229
0.0131
0.0397
0.0885
0.1501
0.1937
0.2163
0.2181
0.1688
0.1122
0.0529
0.0169
0.0158
0.0533
0.1313
0.1953
0.2459
0.2474
0.2048
0.1412
0.0685
0.0223
0.01
0.0386
0.0931
0.1537
0.2195
0.2365
0.2286
0.1806
0.1134
0.0443
0.0083
0.014
0.0673
0.1439
0.2211
0.2618
0.2498
0.2064
0.1333
0.0644
0.0151
0.0098
0.0426
0.1051
0.1725
0.2311
0.2583
0.2427
0.1853
0.1116
0.0385
0.0058
0.0204
0.0746
0.1609
0.2276
0.2625
0.2598
0.2035
0.1274
0.0604
0.0159
0.0068
0.0431
0.1043
0.1858
0.2469
0.2713
0.2522
0.191
0.1023
0.0358
0.0039
0.0215
0.0893
0.1636
0.2324
0.2581
0.25
0.1992
0.1265
0.0603
0.0165
0.0088
0.0427
0.1158
0.1952
0.2592
0.283
0.2547
0.1803
0.0947
0.0258
0.0027
0.0287
0.0945
0.1668
0.2238
0.2583
0.2317
0.1929
0.1225
0.0534
0.0126
0.0098
0.0474
0.1194
0.206
0.2622
0.2679
0.2323
0.1593
0.0753
0.0186
0.0058
0.0348
0.0903
0.1656
0.2164
0.2438
0.2316
0.1881
0.1214
0.0518
0.0109
0.0107
0.0531
0.1318
0.205
0.2537
0.2586
0.2151
0.1407
0.0697
0.0191
0.0101
0.0361
0.0891
0.1534
0.2078
0.2326
0.2231
0.1736
0.112
0.0512
0.0113
0.0151
0.0666
0.1377
0.1951
0.2365
0.2212
0.1868
0.1221
0.0576
0.0247
0.0161
0.0404
0.0925
0.1471
0.1952
0.2231
0.2062
0.1561
0.0958
0.038
0.0107
0.024
0.0758
0.14
0.1884
0.2109
0.1955
0.1652
0.1039
0.0554
0.0224
0.0224
0.0463
0.0882
0.1448
0.1848
0.2059
0.181
0.1392
0.0833
0.0317
0.0165
0.0395
0.0841
0.1324
0.1791
0.19
0.168
0.1342
0.0976
0.0515
0.0292
0.0285
0.06
0.0938
0.1455
0.1755
0.1792
0.1576
0.1149
0.0628
0.0332
0.0296
0.055
0.0943
0.1417
0.1527
0.1555
0.1383
0.1161
0.0775
0.0527
0.0364
0.0387
0.0676
0.1058
0.1443
0.1657
0.1636
0.1286
0.0878
0.0502
0.0355
0.0451
0.0765
0.11
0.125
0.1465
0.138
0.1171
0.0961
0.0714
0.0492
0.0407
0.0514
0.0821
0.1233
0.1465
0.1538
0.1311
0.0928
0.0642
0.0442
0.0455
0.0686
0.0907
0.1155
0.1287
0.1248
0.1192
0.0908
0.0793
0.0552
0.0478
0.0525
0.0747
0.1119
0.137
0.1463
0.1363
0.1056
0.0686
0.0446
0.0449
0.0576
0.0912
0.1144
0.1295
0.1376
0.127
0.104
0.0756
0.0595
0.0488
0.0478
0.0687
0.104
0.1413
0.1551
0.1465
0.1167
0.0797
0.0482
0.0373
0.0465
0.0763
0.1103
0.137
0.1448
0.1391
