0.5
0.5900000000000001
0.56
0.53
0.5
0.42000000000000004
0.47
0.47
0.5599999999999999
0.55
0.55
0.54
0.6699999999999999
0.5900000000000001
0.39
0.47000000000000003
0.42000000000000004
0.5700000000000001
0.48000000000000004
0.45
0.54
0.48
0.5700000000000001
0.63
0.62
0.5700000000000001
0.5
0.44
0.47
0.44
0.48
0.5599999999999999
0.55
0.55
0.59
0.49
0.39999999999999997
0.49
0.47000000000000003
0.47
0.44
0.55
0.56
0.63
0.5900000000000001
0.59
0.46
0.47
0.43
0.41000000000000003
0.45999999999999996
0.54
0.5
0.6100000000000001
0.65
0.6799999999999999
0.56
0.49
0.43
0.38
0.45
0.37
0.49
0.55
0.66
0.6699999999999999
0.65
0.54
0.46
0.5
0.44999999999999996
0.39999999999999997
0.43
0.55
0.61
0.73
0.69
0.6499999999999999
0.54
0.54
0.41000000000000003
0.39
0.34
0.45999999999999996
0.49
0.6000000000000001
0.62
0.65
0.64
0.39
0.5
0.41
0.36
0.39999999999999997
0.5
0.6900000000000001
0.62
0.64
0.67
0.5700000000000001
0.49
0.45
0.41000000000000003
0.38
0.44
0.54
0.64
0.7300000000000001
0.6799999999999999
0.71
0.6
0.4
0.51
0.36000000000000004
0.44
0.53
0.5700000000000001
0.74
0.7899999999999999
0.75
0.6200000000000001
0.5599999999999999
0.31
0.41
0.32
0.51
0.54
0.67
0.76
0.78
0.6699999999999999
0.61
0.36
0.38
0.36
0.42000000000000004
0.43
0.64
0.6900000000000001
0.75
0.78
0.59
0.54
0.41
0.35000000000000003
0.42
0.43999999999999995
0.58
0.7
0.76
0.79
0.67
0.62
0.51
0.39999999999999997
0.31
0.38
0.48
0.65
0.78
0.8
0.73
0.6499999999999999
0.53
0.39999999999999997
0.31
0.29000000000000004
0.41000000000000003
0.54
0.68
0.77
0.77
0.7
0.62
0.46
0.42000000000000004
0.32
0.31999999999999995
0.46
0.57
0.75
0.79
0.6799999999999999
0.65
0.5
0.52
0.39
0.31
0.38
0.52
0.64
0.77
0.81
0.72
0.56
0.43
0.35000000000000003
0.35
0.43000000000000005
0.47
0.61
0.73
0.72
0.77
0.66
0.58
0.44
0.38
0.33
0.43
0.55
0.6
0.76
0.76
0.78
0.64
0.42000000000000004
0.33
0.35000000000000003
0.31
0.54
0.53
0.69
0.82
0.8300000000000001
0.7000000000000001
0.6
0.35000000000000003
0.36
0.38
0.30000000000000004
0.49
0.57
0.72
0.73
0.6900000000000001
0.6900000000000001
0.47000000000000003
0.39
0.32
0.3
0.41000000000000003
0.51
0.62
0.71
0.7200000000000001
0.67
0.6
0.43
0.35
0.38
0.36000000000000004
0.48000000000000004
0.64
0.71
0.75
0.62
0.66
0.58
0.35
0.42000000000000004
0.33999999999999997
0.33999999999999997
0.55
0.61
0.7
0.69
0.58
0.64
0.39
0.34
0.36
0.37
0.44
0.56
0.61
0.7
0.6799999999999999
0.64
0.48000000000000004
0.46
0.41000000000000003
0.32999999999999996
0.44999999999999996
0.45999999999999996
0.62
0.6900000000000001
0.7
0.71
0.63
0.44999999999999996
0.44999999999999996
0.41000000000000003
0.42
0.41000000000000003
0.59
0.54
0.6900000000000001
0.74
0.55
0.52
0.43
0.39
0.36
0.38
0.43000000000000005
0.53
0.6
0.62
0.65
0.48
0.53
0.48
0.45999999999999996
0.5
0.49
0.5
0.55
0.63
0.54
0.59
0.6200000000000001
0.43000000000000005
0.53
0.44999999999999996
0.31999999999999995
0.48
0.62
0.65
0.7
0.56
0.5
0.5700000000000001
0.53
0.45999999999999996
0.44000000000000006
0.49
0.49
0.54
0.56
0.56
0.65
0.55
0.5800000000000001
0.47
0.47
0.48
0.38
0.54
0.48000000000000004
0.54
0.52
0.44
0.57
0.55
0.44000000000000006
0.41
0.46
0.45000000000000007
0.45
0.62
0.51
0.51
0.64
0.5700000000000001
0.54
0.47000000000000003
0.48
0.58
0.48000000000000004
0.48
0.54
0.49
0.53
0.52
0.49
0.55
0.47
0.39
0.4
0.45999999999999996
0.44
0.56
0.5499999999999999
0.6
0.5800000000000001
0.5700000000000001
0.53
0.53
0.48000000000000004
0.56
0.55
0.52
0.52
0.45
0.52
0.62
0.44999999999999996
0.61
0.5
