0.5700000000000001
0.45999999999999996
0.64
0.51
0.47
0.44
0.45999999999999996
0.47000000000000003
0.55
0.48
0.55
0.5900000000000001
0.52
0.54
0.48
0.41
0.43
0.42000000000000004
0.47
0.48
0.6299999999999999
0.54
0.55
0.5900000000000001
0.54
0.51
0.4
0.48
0.47000000000000003
0.47
0.5
0.43999999999999995
0.5800000000000001
0.52
0.55
0.51
0.48
0.4
0.41000000000000003
0.39
0.42
0.49
0.52
0.59
0.59
0.62
0.56
0.42
0.44999999999999996
0.43999999999999995
0.43
0.56
0.53
0.65
0.6599999999999999
0.68
0.62
0.55
0.45
0.45
0.37
0.48
0.41
0.66
0.6
0.6799999999999999
0.65
0.62
0.44
0.48000000000000004
0.38
0.38999999999999996
0.47000000000000003
0.5
0.64
0.65
0.69
0.71
0.49
0.42000000000000004
0.38
0.47
0.42
0.51
0.63
0.63
0.77
0.71
0.62
0.41000000000000003
0.37
0.35000000000000003
0.38
0.42
0.54
0.56
0.72
0.71
0.6699999999999999
0.59
0.44999999999999996
0.38
0.27
0.37
0.38
0.61
0.65
0.62
0.75
0.6599999999999999
0.55
0.37
0.36000000000000004
0.38
0.35000000000000003
0.46
0.63
0.74
0.77
0.7
0.59
0.43
0.32
0.32
0.41000000000000003
0.5
0.5900000000000001
0.72
0.77
0.74
0.7
0.5700000000000001
0.49
0.29000000000000004
0.25
0.43
0.44
0.61
0.69
0.7999999999999999
0.74
0.6799999999999999
0.61
0.32
0.30000000000000004
0.41000000000000003
0.37
0.52
0.73
0.78
0.76
0.76
0.48
0.54
0.38
0.36
0.38
0.45
0.63
0.8500000000000001
0.7
0.77
0.74
0.5700000000000001
0.31
0.31
0.38
0.44
0.5599999999999999
0.6799999999999999
0.8099999999999999
0.81
0.7999999999999999
0.71
0.51
0.41000000000000003
0.36
0.37
0.44
0.62
0.74
0.8300000000000001
0.74
0.6599999999999999
0.52
0.38
0.37
0.42
0.41
0.54
0.74
0.77
0.79
0.83
0.57
0.54
0.27
0.32
0.32999999999999996
0.45999999999999996
0.63
0.6599999999999999
0.78
0.76
0.6900000000000001
0.43
0.39
0.4
0.26
0.4
0.48
0.64
0.6799999999999999
0.81
0.71
0.6
0.52
0.38
0.32
0.31
0.37
0.61
0.62
0.74
0.71
0.67
0.52
0.45
0.35
0.44
0.38
0.52
0.52
0.74
0.78
0.69
0.67
0.46
0.38
0.36
0.38
0.46
0.5700000000000001
0.71
0.78
0.73
0.61
0.65
0.47000000000000003
0.36
0.34
0.42000000000000004
0.55
0.64
0.7
0.77
0.74
0.62
0.59
0.49
0.43
0.39999999999999997
0.44999999999999996
0.5800000000000001
0.62
0.72
0.8099999999999999
0.66
0.63
0.54
0.42
0.34
0.31
0.5599999999999999
0.56
0.62
0.66
0.56
0.55
0.36
0.4
0.36
0.30000000000000004
0.38
0.43
0.62
0.67
0.67
0.67
0.55
0.5
0.34
0.31
0.38
0.42000000000000004
0.52
0.6
0.62
0.56
0.62
0.45999999999999996
0.38
0.38
0.39999999999999997
0.41000000000000003
0.43
0.49
0.6
0.66
0.6799999999999999
0.56
0.54
0.43
0.4
0.39999999999999997
0.52
0.48
0.48
0.61
0.5499999999999999
0.6100000000000001
0.5800000000000001
0.41000000000000003
0.49
0.33999999999999997
0.41000000000000003
0.54
0.53
0.62
0.62
0.6
0.54
0.52
0.42
0.52
0.48000000000000004
0.5
0.48
0.54
0.53
0.49
0.54
0.49
0.5
0.47000000000000003
0.47
0.5
0.46
0.55
0.54
0.53
0.59
0.55
0.54
0.6000000000000001
0.52
0.48
0.36
0.45
0.54
0.55
0.47
0.52
0.5800000000000001
0.5900000000000001
0.53
0.5700000000000001
0.51
0.46
0.47000000000000003
0.52
0.51
0.5800000000000001
0.63
0.5700000000000001
0.57
0.5800000000000001
0.45
0.56
0.5
0.37
0.48
0.48
0.54
0.62
0.55
0.5499999999999999
0.67
0.52
0.52
0.36
0.5
0.47
0.48
0.5900000000000001
0.5800000000000001
0.62
0.54
0.6
0.44000000000000006
