0.46
0.38
0.53
0.48
0.48
0.55
0.5
0.54
0.58
0.43000000000000005
0.55
0.46
0.56
0.51
0.5
0.54
0.5
0.5
0.5700000000000001
0.52
0.56
0.46
0.48
0.35
0.55
0.47
0.56
0.5
0.54
0.5900000000000001
0.5900000000000001
0.48
0.39
0.44000000000000006
0.36
0.46
0.53
0.52
0.5800000000000001
0.65
0.63
0.51
0.42000000000000004
0.33999999999999997
0.43
0.43
0.37
0.55
0.51
0.53
0.62
0.53
0.53
0.33999999999999997
0.45999999999999996
0.35000000000000003
0.33999999999999997
0.53
0.52
0.6
0.6
0.6699999999999999
0.53
0.44
0.46
0.33
0.29000000000000004
0.4
0.53
0.52
0.63
0.61
0.5700000000000001
0.51
0.45000000000000007
0.43
0.32
0.41
0.52
0.62
0.68
0.65
0.5900000000000001
0.51
0.49
0.38
0.32999999999999996
0.29000000000000004
0.38
0.37
0.49
0.62
0.72
0.52
0.53
0.36
0.35
0.35
0.25
0.46
0.51
0.6000000000000001
0.64
0.64
0.55
0.42
0.41000000000000003
0.22999999999999998
0.30000000000000004
0.36000000000000004
0.43
0.49
0.6300000000000001
0.63
0.5700000000000001
0.52
0.31
0.22000000000000003
0.21000000000000002
0.24000000000000002
0.48
0.44
0.5499999999999999
0.66
0.62
0.6
0.45
0.32
0.31000000000000005
0.3
0.32
0.54
0.59
0.67
0.61
0.63
0.53
0.38
0.23
0.2
0.25
0.36
0.49
0.49
0.69
0.62
0.48
0.49
0.31
0.27
0.26
0.28
0.3
0.56
0.6699999999999999
0.67
0.7
0.53
0.36
0.29000000000000004
0.29
0.19
0.31
0.48
0.45999999999999996
0.66
0.68
0.49
0.52
0.38
0.36000000000000004
0.23
0.27
0.42
0.48
0.62
0.63
0.59
0.6300000000000001
0.36
0.31
0.2
0.26
0.32999999999999996
0.47
0.51
0.62
0.6900000000000001
0.66
0.45
0.29000000000000004
0.36
0.30000000000000004
0.30000000000000004
0.38
0.53
0.62
0.73
0.65
0.56
0.38999999999999996
0.31
0.22000000000000003
0.25
0.25
0.45
0.61
0.65
0.69
0.59
0.46
0.39
0.30000000000000004
0.21000000000000002
0.29000000000000004
0.41
0.49
0.64
0.63
0.58
0.48
0.38
0.36
0.29
0.31
0.30000000000000004
0.41000000000000003
0.5800000000000001
0.64
0.67
0.6599999999999999
0.5700000000000001
0.42
0.23
0.25
0.26
0.41
0.5
0.55
0.64
0.72
0.48
0.5
0.33999999999999997
0.25
0.26
0.38
0.47
0.61
0.6799999999999999
0.5700000000000001
0.54
0.56
0.41
0.24000000000000002
0.28
0.29000000000000004
0.43
0.49
0.56
0.67
0.6200000000000001
0.53
0.48
0.37
0.32999999999999996
0.32999999999999996
0.31
0.4
0.47000000000000003
0.65
0.53
0.5700000000000001
0.43000000000000005
0.46
0.45999999999999996
0.24
0.33999999999999997
0.49
0.45999999999999996
0.54
0.5800000000000001
0.72
0.5800000000000001
0.44
0.42
0.3
0.32
0.31
0.51
0.6
0.5800000000000001
0.61
0.5900000000000001
0.55
0.41
0.35000000000000003
0.25
0.39
0.39
0.5
0.6100000000000001
0.6799999999999999
0.6799999999999999
0.5900000000000001
0.47
0.44999999999999996
0.36
0.33999999999999997
0.39
0.41000000000000003
0.52
0.55
0.54
0.45999999999999996
0.5800000000000001
0.44
0.38
0.36
0.33
0.44
0.42000000000000004
0.47
0.49
0.5499999999999999
0.55
0.52
0.47
0.46
0.51
0.45
0.4
0.48
0.49
0.6
0.54
0.61
0.56
0.48
0.39999999999999997
0.44
0.47000000000000003
0.49
0.45999999999999996
0.46
0.4
0.5800000000000001
0.49
0.5700000000000001
0.46
0.45999999999999996
0.45999999999999996
0.45999999999999996
0.49
0.54
0.6000000000000001
0.53
0.6
0.55
0.53
0.48
0.51
0.53
0.42000000000000004
0.45
0.51
0.54
0.49
0.57
0.56
0.46
0.38
0.44
0.42
0.33999999999999997
0.45999999999999996
0.49
0.55
0.57
0.59
0.5700000000000001
0.54
0.53
0.45999999999999996
0.51
0.54
0.36
0.45
0.51
0.45
0.61
0.53
0.5700000000000001
0.42000000000000004
0.46
0.47000000000000003
0.45999999999999996
0.44999999999999996
0.48
0.58
