0.5900000000000001
0.52
0.48
0.43
0.48
0.5
0.48
0.46
0.47
0.52
0.49
0.54
0.6
0.5700000000000001
0.55
0.47
0.44
0.42000000000000004
0.42000000000000004
0.48
0.5700000000000001
0.53
0.5900000000000001
0.55
0.53
0.52
0.48
0.53
0.41000000000000003
0.4
0.55
0.43
0.6000000000000001
0.6
0.5800000000000001
0.54
0.58
0.46
0.43999999999999995
0.38
0.5
0.5800000000000001
0.56
0.6200000000000001
0.65
0.62
0.5
0.43000000000000005
0.37
0.43000000000000005
0.43
0.47
0.45
0.7
0.64
0.67
0.6499999999999999
0.55
0.5
0.47000000000000003
0.41000000000000003
0.51
0.44
0.56
0.65
0.67
0.63
0.5700000000000001
0.48
0.45999999999999996
0.37
0.43999999999999995
0.38
0.5
0.5
0.6599999999999999
0.5700000000000001
0.5700000000000001
0.55
0.47
0.36
0.35000000000000003
0.46
0.47000000000000003
0.47
0.75
0.6900000000000001
0.72
0.63
0.51
0.48
0.44
0.38
0.45
0.5499999999999999
0.6
0.6699999999999999
0.78
0.69
0.56
0.48
0.38
0.27
0.46
0.5
0.53
0.62
0.73
0.63
0.61
0.5800000000000001
0.41000000000000003
0.41000000000000003
0.36
0.43
0.42
0.55
0.71
0.77
0.78
0.6799999999999999
0.47
0.43
0.29
0.35
0.39999999999999997
0.5900000000000001
0.69
0.73
0.77
0.68
0.53
0.48
0.33999999999999997
0.38
0.4
0.48
0.59
0.64
0.6900000000000001
0.71
0.6
0.44
0.44
0.35000000000000003
0.36
0.43999999999999995
0.62
0.5700000000000001
0.73
0.79
0.66
0.56
0.52
0.31
0.38
0.28
0.41000000000000003
0.7
0.65
0.6799999999999999
0.76
0.69
0.55
0.41
0.29
0.27
0.36
0.53
0.68
0.8200000000000001
0.8200000000000001
0.71
0.59
0.43
0.38
0.33
0.4
0.41
0.68
0.7
0.8
0.77
0.71
0.63
0.48
0.37
0.36
0.32999999999999996
0.55
0.65
0.71
0.76
0.7200000000000001
0.57
0.43
0.29000000000000004
0.3
0.38
0.39
0.61
0.64
0.74
0.8099999999999999
0.6599999999999999
0.6300000000000001
0.47
0.29000000000000004
0.37
0.39
0.54
0.63
0.6799999999999999
0.69
0.73
0.59
0.47
0.41
0.4
0.42
0.45
0.54
0.65
0.73
0.7
0.6699999999999999
0.66
0.47
0.37
0.26
0.35000000000000003
0.49
0.6000000000000001
0.73
0.76
0.71
0.5
0.47
0.44
0.34
0.33
0.43
0.43999999999999995
0.63
0.6699999999999999
0.75
0.67
0.63
0.45
0.29000000000000004
0.31
0.43000000000000005
0.54
0.65
0.6900000000000001
0.76
0.74
0.71
0.6
0.41000000000000003
0.28
0.25
0.41000000000000003
0.4
0.55
0.66
0.6499999999999999
0.66
0.67
0.45999999999999996
0.39
0.41
0.33999999999999997
0.46
0.5900000000000001
0.7
0.72
0.66
0.58
0.48
0.47
0.43
0.53
0.38
0.47000000000000003
0.56
0.73
0.74
0.67
0.53
0.5800000000000001
0.4
0.45999999999999996
0.4
0.53
0.63
0.62
0.63
0.72
0.72
0.49
0.53
0.36
0.39
0.41000000000000003
0.54
0.59
0.6
0.63
0.58
0.54
0.59
0.5
0.38
0.47000000000000003
0.5
0.61
0.6000000000000001
0.56
0.58
0.67
0.54
0.46
0.51
0.38
0.37
0.45000000000000007
0.55
0.5599999999999999
0.67
0.55
0.5800000000000001
0.42
0.45
0.45
0.32
0.44999999999999996
0.46
0.5
0.58
0.52
0.54
0.54
0.48
0.51
0.49
0.45999999999999996
0.49
0.55
0.52
0.54
0.69
0.47000000000000003
0.62
0.6000000000000001
0.4
0.54
0.43
0.48000000000000004
0.36
0.52
0.51
0.5
0.55
0.5700000000000001
0.52
0.6
0.44999999999999996
0.54
0.52
0.45999999999999996
0.53
0.43
0.54
0.5700000000000001
0.56
0.43000000000000005
0.5
0.47
0.42
0.51
0.5
0.54
0.52
0.75
0.5900000000000001
0.52
0.55
0.5
0.5
0.39
0.52
0.5800000000000001
0.5
0.5900000000000001
0.61
0.62
0.54
0.49
0.43000000000000005
