0.55
0.56
0.53
0.53
0.54
0.55
0.41
0.4
0.49
0.5
0.5900000000000001
0.51
0.51
0.45999999999999996
0.55
0.45
0.52
0.5
0.44000000000000006
0.5
0.63
0.68
0.5800000000000001
0.55
0.54
0.55
0.5
0.41000000000000003
0.41000000000000003
0.48
0.48
0.64
0.5700000000000001
0.5900000000000001
0.53
0.5800000000000001
0.52
0.46
0.44
0.42
0.4
0.55
0.45999999999999996
0.55
0.58
0.65
0.57
0.49
0.42
0.43
0.41
0.62
0.48
0.67
0.65
0.63
0.52
0.56
0.47
0.47000000000000003
0.38
0.55
0.52
0.55
0.62
0.54
0.69
0.65
0.45999999999999996
0.46
0.41000000000000003
0.44
0.37
0.44
0.59
0.66
0.65
0.66
0.6
0.6
0.45
0.46
0.39
0.51
0.5
0.61
0.6799999999999999
0.6900000000000001
0.5800000000000001
0.56
0.41
0.32
0.41
0.44999999999999996
0.52
0.63
0.68
0.72
0.63
0.59
0.42000000000000004
0.49
0.31000000000000005
0.32
0.39999999999999997
0.57
0.65
0.7300000000000001
0.74
0.62
0.53
0.44999999999999996
0.32
0.46
0.38
0.44
0.55
0.69
0.7
0.7
0.69
0.48000000000000004
0.38
0.35000000000000003
0.43
0.43
0.51
0.7100000000000001
0.73
0.78
0.63
0.63
0.46
0.46
0.31000000000000005
0.45
0.54
0.55
0.7
0.73
0.64
0.6
0.45
0.41000000000000003
0.44
0.4
0.39
0.48
0.69
0.6699999999999999
0.81
0.6900000000000001
0.62
0.54
0.3
0.27
0.32999999999999996
0.43
0.6699999999999999
0.75
0.8
0.72
0.64
0.48
0.4
0.3
0.4
0.44
0.48
0.69
0.77
0.78
0.75
0.67
0.53
0.35000000000000003
0.37
0.35000000000000003
0.55
0.5700000000000001
0.69
0.7999999999999999
0.75
0.76
0.49
0.36
0.35000000000000003
0.33
0.38
0.5
0.58
0.73
0.77
0.78
0.6
0.58
0.36000000000000004
0.42
0.32999999999999996
0.49
0.59
0.65
0.8
0.71
0.62
0.5800000000000001
0.5
0.33
0.36
0.5
0.56
0.64
0.71
0.8
0.71
0.6
0.54
0.34
0.32
0.36
0.45
0.5700000000000001
0.73
0.8
0.81
0.59
0.58
0.48
0.35000000000000003
0.35000000000000003
0.38
0.47
0.57
0.66
0.77
0.6799999999999999
0.62
0.55
0.39
0.4
0.39
0.37
0.54
0.67
0.72
0.71
0.66
0.59
0.49
0.43
0.28
0.42000000000000004
0.47000000000000003
0.56
0.6799999999999999
0.71
0.7200000000000001
0.6300000000000001
0.6000000000000001
0.39
0.35000000000000003
0.42
0.38
0.55
0.67
0.68
0.7799999999999999
0.6
0.59
0.42
0.36
0.32
0.47000000000000003
0.39
0.56
0.66
0.64
0.6699999999999999
0.5800000000000001
0.45999999999999996
0.39
0.31
0.39999999999999997
0.43
0.41000000000000003
0.58
0.61
0.67
0.54
0.56
0.54
0.46
0.41
0.43000000000000005
0.53
0.5700000000000001
0.5800000000000001
0.68
0.71
0.66
0.55
0.38
0.38999999999999996
0.46
0.37
0.5
0.53
0.58
0.7
0.6399999999999999
0.47
0.43000000000000005
0.46
0.44
0.42000000000000004
0.44
0.55
0.59
0.5700000000000001
0.59
0.64
0.54
0.5
0.45
0.34
0.49
0.54
0.56
0.51
0.63
0.61
0.6300000000000001
0.39
0.43000000000000005
0.42000000000000004
0.52
0.52
0.54
0.48
0.61
0.52
0.5800000000000001
0.5900000000000001
0.47000000000000003
0.47
0.43
0.49
0.45999999999999996
0.47000000000000003
0.53
0.53
0.64
0.49
0.55
0.55
0.51
0.44
0.49
0.53
0.44
0.51
0.55
0.49
0.5700000000000001
0.48
0.53
0.56
0.42000000000000004
0.36
0.5
0.5
0.48
0.55
0.5900000000000001
0.5
0.49
0.52
0.51
0.41000000000000003
0.44999999999999996
0.54
0.44
0.52
0.48
0.6000000000000001
0.64
0.48
0.5
0.51
0.54
0.42000000000000004
0.47000000000000003
0.51
0.46
0.61
0.66
0.52
0.61
0.47000000000000003
0.55
