0.5
0.41000000000000003
0.43999999999999995
0.47
0.5
0.5800000000000001
0.53
0.53
0.44
0.45
0.45
0.46
0.32999999999999996
0.41000000000000003
0.6100000000000001
0.53
0.58
0.43
0.52
0.55
0.46
0.52
0.43000000000000005
0.37
0.38
0.43
0.5
0.56
0.53
0.56
0.52
0.44000000000000006
0.44999999999999996
0.45
0.41000000000000003
0.51
0.6
0.51
0.53
0.53
0.5599999999999999
0.44999999999999996
0.44
0.37
0.41000000000000003
0.41000000000000003
0.54
0.53
0.5700000000000001
0.59
0.54
0.46
0.5
0.39
0.35
0.32
0.44
0.51
0.5700000000000001
0.6200000000000001
0.55
0.63
0.51
0.45
0.34
0.33
0.35
0.45999999999999996
0.54
0.5
0.55
0.6000000000000001
0.5700000000000001
0.45
0.39
0.27
0.31
0.35000000000000003
0.46
0.46
0.59
0.61
0.66
0.54
0.51
0.4
0.38
0.35
0.36
0.61
0.5
0.59
0.64
0.6
0.5
0.31
0.38
0.36
0.32999999999999996
0.43000000000000005
0.51
0.55
0.59
0.62
0.56
0.45999999999999996
0.36
0.27
0.32
0.29000000000000004
0.4
0.6000000000000001
0.49
0.64
0.56
0.47
0.43
0.26
0.21000000000000002
0.25
0.38
0.44
0.69
0.59
0.6799999999999999
0.49
0.46
0.33
0.24
0.22
0.32999999999999996
0.39
0.64
0.62
0.64
0.5800000000000001
0.5700000000000001
0.36
0.31000000000000005
0.25
0.22
0.41
0.45999999999999996
0.59
0.65
0.58
0.56
0.42
0.30000000000000004
0.24000000000000002
0.21
0.33
0.38
0.49
0.6000000000000001
0.6900000000000001
0.62
0.52
0.35
0.22
0.19999999999999998
0.27
0.35000000000000003
0.47000000000000003
0.6
0.69
0.71
0.59
0.46
0.32
0.23
0.22999999999999998
0.30000000000000004
0.38
0.54
0.58
0.6799999999999999
0.68
0.54
0.43
0.25
0.21000000000000002
0.32
0.35000000000000003
0.5
0.48
0.6100000000000001
0.69
0.62
0.48000000000000004
0.36
0.23
0.19
0.28
0.44000000000000006
0.5700000000000001
0.65
0.65
0.5700000000000001
0.53
0.39
0.27
0.28
0.23
0.33999999999999997
0.42000000000000004
0.56
0.62
0.6699999999999999
0.57
0.44999999999999996
0.4
0.24
0.24000000000000002
0.22
0.36000000000000004
0.58
0.67
0.65
0.69
0.45999999999999996
0.47
0.31
0.18000000000000002
0.16999999999999998
0.30000000000000004
0.4
0.6499999999999999
0.64
0.62
0.7000000000000001
0.51
0.43000000000000005
0.28
0.27
0.31
0.31
0.53
0.61
0.68
0.7
0.5900000000000001
0.49
0.38
0.29
0.28
0.32999999999999996
0.4
0.5700000000000001
0.65
0.62
0.64
0.52
0.36
0.29
0.25
0.38
0.34
0.42000000000000004
0.65
0.58
0.66
0.66
0.44999999999999996
0.39
0.3
0.31
0.42
0.36
0.61
0.66
0.64
0.63
0.56
0.44
0.38999999999999996
0.3
0.32
0.36
0.52
0.54
0.5900000000000001
0.67
0.55
0.54
0.38
0.31
0.3
0.29000000000000004
0.37
0.55
0.55
0.59
0.5800000000000001
0.59
0.41000000000000003
0.45999999999999996
0.31
0.26
0.45
0.48
0.5700000000000001
0.61
0.64
0.62
0.57
0.47000000000000003
0.4
0.38
0.35
0.52
0.47
0.52
0.54
0.5
0.51
0.5
0.45
0.37
0.46
0.41000000000000003
0.38
0.5700000000000001
0.47
0.55
0.68
0.52
0.38
0.35000000000000003
0.3
0.44
0.5
0.43000000000000005
0.47000000000000003
0.54
0.56
0.51
0.51
0.45999999999999996
0.44
0.44000000000000006
0.35
0.45
0.42000000000000004
0.53
0.53
0.52
0.62
0.46
0.52
0.45999999999999996
0.48
0.56
0.43000000000000005
0.45
0.5599999999999999
0.5900000000000001
0.54
0.55
0.55
0.38
0.49
0.49
0.36
0.43
0.46
0.53
0.52
0.42
0.52
0.52
0.45999999999999996
0.51
0.47
0.48
0.51
0.45
0.53
0.61
0.6
0.54
0.56
0.44
0.45
0.4
0.42
0.43000000000000005
0.47
0.47
0.52
0.44
0.45
0.48
0.48
0.55
0.48
0.38
0.55
0.39
0.5
