0.52
0.53
0.46
0.47000000000000003
0.56
0.42
0.43
0.39
0.5
0.53
0.5900000000000001
0.56
0.54
0.45
0.49
0.53
0.44000000000000006
0.52
0.47
0.51
0.56
0.55
0.44999999999999996
0.61
0.41000000000000003
0.6
0.38
0.43999999999999995
0.35
0.52
0.53
0.49
0.53
0.53
0.52
0.57
0.5
0.55
0.42000000000000004
0.5
0.4
0.47000000000000003
0.53
0.56
0.56
0.5499999999999999
0.53
0.52
0.43000000000000005
0.44999999999999996
0.44999999999999996
0.51
0.5900000000000001
0.69
0.6
0.64
0.65
0.45
0.46
0.38
0.33
0.44
0.5
0.6
0.5700000000000001
0.65
0.58
0.55
0.56
0.38
0.43000000000000005
0.33999999999999997
0.34
0.52
0.6499999999999999
0.6900000000000001
0.6799999999999999
0.62
0.53
0.53
0.45999999999999996
0.42000000000000004
0.43
0.43
0.52
0.64
0.72
0.7
0.61
0.48
0.47
0.33
0.39
0.43999999999999995
0.44
0.56
0.76
0.7100000000000001
0.61
0.5800000000000001
0.48000000000000004
0.35
0.42000000000000004
0.32
0.42000000000000004
0.49
0.72
0.7
0.63
0.61
0.61
0.44
0.35
0.26
0.38
0.5
0.54
0.62
0.72
0.6799999999999999
0.69
0.48
0.35
0.34
0.33
0.36
0.67
0.65
0.68
0.75
0.67
0.6000000000000001
0.53
0.39
0.31
0.43000000000000005
0.49
0.5900000000000001
0.6900000000000001
0.75
0.7
0.59
0.53
0.41
0.4
0.36
0.43
0.46
0.64
0.76
0.66
0.8200000000000001
0.56
0.45
0.38999999999999996
0.36
0.3
0.46
0.65
0.72
0.8200000000000001
0.74
0.66
0.6000000000000001
0.39
0.41
0.38
0.36
0.52
0.63
0.74
0.75
0.6599999999999999
0.59
0.51
0.30000000000000004
0.3
0.26
0.47
0.56
0.72
0.8
0.77
0.63
0.41000000000000003
0.48
0.38
0.36
0.32
0.62
0.61
0.77
0.8
0.73
0.59
0.45999999999999996
0.48
0.34
0.39
0.4
0.64
0.66
0.72
0.69
0.65
0.5700000000000001
0.39999999999999997
0.24
0.35000000000000003
0.39999999999999997
0.44
0.6599999999999999
0.76
0.74
0.66
0.62
0.5
0.39
0.33
0.38
0.44
0.52
0.77
0.81
0.78
0.61
0.58
0.5
0.39
0.3
0.4
0.41000000000000003
0.51
0.74
0.79
0.66
0.57
0.5
0.38
0.45
0.31999999999999995
0.38
0.54
0.5800000000000001
0.75
0.77
0.6799999999999999
0.5
0.38
0.31
0.38
0.35
0.5
0.55
0.62
0.71
0.67
0.62
0.6399999999999999
0.45
0.39
0.35
0.39
0.5800000000000001
0.6599999999999999
0.61
0.64
0.67
0.63
0.49
0.38
0.31
0.43
0.44999999999999996
0.56
0.65
0.6599999999999999
0.6699999999999999
0.6799999999999999
0.6000000000000001
0.44
0.36000000000000004
0.35
0.45999999999999996
0.5
0.55
0.6499999999999999
0.63
0.58
0.62
0.44
0.49
0.39
0.43
0.48
0.5
0.62
0.67
0.6499999999999999
0.58
0.54
0.4
0.53
0.32999999999999996
0.4
0.51
0.63
0.5900000000000001
0.63
0.64
0.55
0.44
0.48
0.44
0.42
0.49
0.48
0.5700000000000001
0.61
0.55
0.55
0.6499999999999999
0.5800000000000001
0.44999999999999996
0.33
0.35
0.4
0.53
0.55
0.6
0.58
0.6
0.56
0.46
0.47000000000000003
0.42000000000000004
0.45
0.44999999999999996
0.49
0.62
0.6
0.51
0.53
0.44
0.5
0.5
0.43
0.51
0.55
0.58
0.54
0.51
0.54
0.53
0.55
0.6
0.41000000000000003
0.38
0.52
0.51
0.5
0.56
0.53
0.5
0.52
0.53
0.5
0.54
0.47000000000000003
0.53
0.46
0.5
0.53
0.54
0.6399999999999999
0.44
0.53
0.44999999999999996
0.51
0.51
0.46
0.57
0.53
0.51
0.6100000000000001
0.6699999999999999
0.63
0.47
0.48
0.52
0.46
0.45
0.41
0.45999999999999996
0.6200000000000001
0.48
0.6
0.63
0.5599999999999999
0.51
