0.41000000000000003
0.43000000000000005
0.43000000000000005
0.51
0.5900000000000001
0.7
0.58
0.55
0.5900000000000001
0.44999999999999996
0.43999999999999995
0.5
0.45
0.45999999999999996
0.51
0.53
0.46
0.5
0.53
0.56
0.51
0.5
0.56
0.47
0.46
0.51
0.59
0.5800000000000001
0.55
0.49
0.54
0.52
0.48
0.49
0.49
0.53
0.41000000000000003
0.55
0.54
0.61
0.47000000000000003
0.47
0.53
0.47
0.32
0.53
0.42000000000000004
0.55
0.55
0.62
0.52
0.51
0.48
0.35
0.33999999999999997
0.29
0.45999999999999996
0.38
0.54
0.62
0.6
0.65
0.49
0.4
0.35
0.3
0.43999999999999995
0.37
0.54
0.6000000000000001
0.69
0.5900000000000001
0.54
0.44999999999999996
0.38
0.35
0.38
0.35
0.48
0.49
0.54
0.62
0.76
0.5900000000000001
0.43
0.37
0.27
0.35000000000000003
0.46
0.52
0.54
0.56
0.63
0.6799999999999999
0.48
0.39
0.24
0.29000000000000004
0.35000000000000003
0.41000000000000003
0.51
0.63
0.7
0.71
0.49
0.54
0.38
0.28
0.26
0.25
0.5
0.61
0.64
0.71
0.63
0.5700000000000001
0.36
0.33999999999999997
0.31
0.25
0.33
0.45
0.6
0.64
0.69
0.51
0.44999999999999996
0.32
0.3
0.2
0.38
0.42000000000000004
0.51
0.5499999999999999
0.7
0.54
0.56
0.37
0.26
0.19
0.26
0.32
0.51
0.6599999999999999
0.71
0.63
0.53
0.45999999999999996
0.4
0.28
0.23
0.37
0.43
0.47
0.72
0.76
0.64
0.53
0.47000000000000003
0.29000000000000004
0.19
0.24
0.37
0.42
0.54
0.65
0.64
0.64
0.45
0.32999999999999996
0.27999999999999997
0.22000000000000003
0.22
0.30000000000000004
0.5
0.63
0.6799999999999999
0.55
0.48
0.45999999999999996
0.21000000000000002
0.16999999999999998
0.29000000000000004
0.22
0.49
0.5
0.68
0.64
0.5800000000000001
0.48
0.32
0.29000000000000004
0.19
0.29000000000000004
0.38
0.62
0.62
0.64
0.65
0.5499999999999999
0.44
0.32
0.24
0.21
0.26
0.49
0.49
0.59
0.7000000000000001
0.62
0.42
0.31000000000000005
0.23
0.17
0.3
0.32
0.54
0.55
0.5900000000000001
0.65
0.55
0.38
0.28
0.28
0.19
0.33
0.5
0.5599999999999999
0.63
0.64
0.6699999999999999
0.53
0.41
0.33999999999999997
0.27
0.27
0.37
0.48
0.71
0.59
0.72
0.5499999999999999
0.53
0.33
0.35000000000000003
0.33
0.27
0.4
0.47000000000000003
0.61
0.6599999999999999
0.62
0.54
0.42000000000000004
0.26
0.3
0.26
0.36
0.39
0.5700000000000001
0.6799999999999999
0.68
0.52
0.38
0.42
0.36
0.36
0.4
0.47
0.5
0.63
0.68
0.56
0.49
0.42
0.32
0.26
0.25
0.33
0.48
0.5900000000000001
0.6
0.61
0.61
0.49
0.37
0.32
0.36
0.26
0.52
0.5700000000000001
0.56
0.59
0.66
0.53
0.44
0.4
0.39
0.38
0.44
0.52
0.53
0.5800000000000001
0.55
0.5700000000000001
0.55
0.45999999999999996
0.32
0.36
0.44
0.43
0.59
0.5700000000000001
0.57
0.5
0.54
0.49
0.46
0.46
0.41000000000000003
0.41000000000000003
0.38
0.48
0.49
0.63
0.56
0.49
0.55
0.39
0.4
0.42
0.39
0.48
0.49
0.58
0.61
0.54
0.48
0.5
0.41000000000000003
0.39
0.4
0.42000000000000004
0.55
0.57
0.53
0.5
0.51
0.46
0.47000000000000003
0.41
0.45
0.49
0.55
0.47
0.49
0.53
0.52
0.55
0.45999999999999996
0.46
0.47
0.47
0.42000000000000004
0.53
0.5
0.55
0.56
0.46
0.55
0.52
0.39
0.51
0.36
0.43999999999999995
0.49
0.49
0.45999999999999996
0.56
0.6
0.5700000000000001
0.53
0.53
0.42
0.5
0.35
0.42
0.62
0.47
0.58
0.52
0.6
0.55
0.43
0.52
0.38
0.43
0.42000000000000004
0.48
0.6
