0.41000000000000003
0.48
0.52
0.57
0.52
0.5
0.52
0.54
0.53
0.48
0.51
0.46
0.4
0.43
0.45
0.53
0.56
0.5800000000000001
0.58
0.52
0.43000000000000005
0.47
0.41000000000000003
0.45
0.47
0.48
0.52
0.47000000000000003
0.5900000000000001
0.6000000000000001
0.44999999999999996
0.5700000000000001
0.4
0.4
0.42000000000000004
0.46
0.42
0.54
0.56
0.62
0.5
0.42
0.44
0.38
0.35
0.38
0.5
0.5700000000000001
0.63
0.5700000000000001
0.57
0.53
0.55
0.30000000000000004
0.36
0.33
0.35
0.44999999999999996
0.5
0.53
0.59
0.49
0.56
0.44
0.35
0.32999999999999996
0.37
0.43
0.52
0.54
0.63
0.56
0.62
0.5
0.5
0.34
0.43
0.43
0.45
0.53
0.64
0.65
0.54
0.53
0.53
0.25
0.31
0.28
0.37
0.49
0.52
0.56
0.6200000000000001
0.55
0.45
0.4
0.33
0.22
0.31
0.44
0.52
0.62
0.73
0.54
0.5
0.47
0.38
0.27
0.37
0.39
0.42000000000000004
0.5900000000000001
0.59
0.64
0.57
0.58
0.45
0.29000000000000004
0.22999999999999998
0.22
0.32
0.53
0.5700000000000001
0.71
0.65
0.6
0.41000000000000003
0.31
0.27
0.23
0.31999999999999995
0.47
0.52
0.66
0.62
0.6
0.52
0.41000000000000003
0.36
0.31
0.29000000000000004
0.39999999999999997
0.56
0.56
0.6499999999999999
0.64
0.56
0.38
0.43000000000000005
0.27
0.21
0.33999999999999997
0.44
0.48
0.69
0.62
0.72
0.5900000000000001
0.3
0.35
0.32
0.24
0.31
0.44999999999999996
0.59
0.7100000000000001
0.73
0.64
0.47
0.32
0.18
0.18
0.29000000000000004
0.41000000000000003
0.57
0.62
0.67
0.6
0.59
0.32
0.3
0.2
0.23
0.29
0.37
0.52
0.63
0.64
0.67
0.45
0.35
0.29000000000000004
0.24
0.28
0.43000000000000005
0.57
0.71
0.7
0.62
0.61
0.39
0.36
0.26
0.19
0.33999999999999997
0.37
0.53
0.71
0.63
0.61
0.45999999999999996
0.37
0.31999999999999995
0.31
0.27
0.41000000000000003
0.53
0.59
0.6
0.5800000000000001
0.55
0.45999999999999996
0.35
0.27
0.30000000000000004
0.33
0.33999999999999997
0.53
0.63
0.74
0.6499999999999999
0.51
0.4
0.27
0.24
0.29000000000000004
0.5
0.53
0.56
0.6599999999999999
0.67
0.5700000000000001
0.56
0.37
0.33
0.25
0.33
0.37
0.55
0.71
0.6900000000000001
0.57
0.45999999999999996
0.35
0.31
0.24
0.26
0.29
0.4
0.5900000000000001
0.72
0.75
0.5900000000000001
0.6
0.45
0.34
0.35
0.33999999999999997
0.32999999999999996
0.54
0.61
0.59
0.6599999999999999
0.54
0.41
0.30000000000000004
0.28
0.33999999999999997
0.42000000000000004
0.52
0.53
0.5700000000000001
0.47
0.62
0.53
0.43999999999999995
0.27
0.26
0.33
0.47000000000000003
0.42
0.6
0.54
0.6
0.47000000000000003
0.37
0.38
0.37
0.28
0.28
0.51
0.47000000000000003
0.64
0.6100000000000001
0.59
0.46
0.41000000000000003
0.4
0.37
0.42000000000000004
0.46
0.41000000000000003
0.5
0.62
0.53
0.5
0.39
0.39999999999999997
0.43999999999999995
0.42
0.33
0.45999999999999996
0.54
0.49
0.62
0.63
0.55
0.44999999999999996
0.43999999999999995
0.33
0.45
0.42
0.5800000000000001
0.55
0.5499999999999999
0.68
0.55
0.54
0.5
0.42000000000000004
0.48
0.46
0.45999999999999996
0.52
0.49
0.51
0.54
0.51
0.44999999999999996
0.48000000000000004
0.46
0.31
0.53
0.38
0.4
0.6
0.46
0.5700000000000001
0.52
0.64
0.48
0.49
0.5
0.44999999999999996
0.43000000000000005
0.48000000000000004
0.4
0.55
0.46
0.48
0.54
0.47000000000000003
0.5700000000000001
0.45999999999999996
0.43
0.44
0.5700000000000001
0.5
0.53
0.5800000000000001
0.49
0.5
0.46
0.48
0.25
0.41000000000000003
0.48
0.45
0.5
0.5
0.6100000000000001
0.48
0.42
0.5
0.41
0.39
0.38
0.46
0.51
0.57
