0.41000000000000003
0.44000000000000006
0.49
0.49
0.47
0.5700000000000001
0.5700000000000001
0.51
0.45999999999999996
0.45
0.5
0.49
0.33
0.49
0.54
0.51
0.54
0.56
0.58
0.44
0.45
0.51
0.44000000000000006
0.49
0.48000000000000004
0.53
0.52
0.47000000000000003
0.5700000000000001
0.44999999999999996
0.55
0.47
0.36
0.48000000000000004
0.43000000000000005
0.5
0.51
0.48
0.53
0.59
0.55
0.5
0.42000000000000004
0.38
0.33
0.27
0.48
0.52
0.5700000000000001
0.63
0.54
0.46
0.47
0.37
0.46
0.41000000000000003
0.37
0.48
0.55
0.65
0.54
0.58
0.62
0.4
0.38
0.44
0.45999999999999996
0.5
0.46
0.63
0.52
0.72
0.56
0.36
0.36
0.41000000000000003
0.3
0.39
0.45
0.43
0.5900000000000001
0.62
0.6799999999999999
0.54
0.44
0.33
0.34
0.31
0.3
0.48
0.53
0.59
0.56
0.52
0.41000000000000003
0.45
0.24
0.29
0.36
0.45
0.53
0.5900000000000001
0.6799999999999999
0.6799999999999999
0.52
0.45
0.43
0.35
0.26
0.21
0.51
0.5700000000000001
0.64
0.71
0.6699999999999999
0.5
0.4
0.29000000000000004
0.21
0.30000000000000004
0.36
0.63
0.6
0.65
0.55
0.53
0.44
0.39
0.32999999999999996
0.21000000000000002
0.38
0.44
0.55
0.64
0.68
0.6
0.54
0.33
0.25
0.21000000000000002
0.37
0.37
0.53
0.6200000000000001
0.7000000000000001
0.61
0.6
0.39
0.33999999999999997
0.26
0.21
0.36
0.45
0.5
0.54
0.66
0.71
0.5599999999999999
0.38
0.29000000000000004
0.2
0.22
0.37
0.51
0.5
0.65
0.54
0.61
0.46
0.3
0.2
0.24
0.18
0.41000000000000003
0.55
0.7000000000000001
0.75
0.6799999999999999
0.51
0.36
0.28
0.26
0.25
0.4
0.49
0.54
0.56
0.64
0.6
0.46
0.31
0.2
0.25
0.25
0.44999999999999996
0.53
0.62
0.6299999999999999
0.68
0.59
0.37
0.33
0.2
0.22999999999999998
0.32
0.41
0.5
0.6799999999999999
0.64
0.57
0.49
0.43000000000000005
0.26
0.22
0.29000000000000004
0.41
0.48
0.59
0.65
0.5900000000000001
0.47
0.38
0.28
0.3
0.2
0.3
0.53
0.6499999999999999
0.68
0.69
0.68
0.49
0.42
0.36
0.29000000000000004
0.2
0.37
0.55
0.61
0.63
0.6799999999999999
0.62
0.41000000000000003
0.33
0.25
0.27
0.22999999999999998
0.52
0.5900000000000001
0.62
0.5700000000000001
0.6399999999999999
0.41000000000000003
0.39
0.33999999999999997
0.26
0.24000000000000002
0.33
0.42000000000000004
0.64
0.67
0.6200000000000001
0.63
0.52
0.4
0.29
0.3
0.31
0.45999999999999996
0.58
0.58
0.64
0.6200000000000001
0.5800000000000001
0.39
0.33999999999999997
0.3
0.31
0.43000000000000005
0.44
0.52
0.6
0.71
0.54
0.6
0.38
0.32
0.26
0.35
0.43
0.47
0.56
0.61
0.61
0.53
0.5
0.32
0.4
0.43000000000000005
0.44
0.47
0.56
0.62
0.67
0.5800000000000001
0.54
0.45999999999999996
0.48
0.39
0.45
0.53
0.49
0.59
0.59
0.5900000000000001
0.45999999999999996
0.44
0.44
0.43000000000000005
0.41000000000000003
0.45
0.45
0.44999999999999996
0.62
0.6699999999999999
0.52
0.54
0.46
0.44
0.43000000000000005
0.42000000000000004
0.37
0.5800000000000001
0.51
0.49
0.55
0.59
0.53
0.43
0.45
0.4
0.39
0.39
0.41000000000000003
0.53
0.53
0.58
0.63
0.52
0.49
0.47
0.44
0.5
0.33999999999999997
0.42000000000000004
0.42
0.49
0.54
0.59
0.55
0.48000000000000004
0.42000000000000004
0.43000000000000005
0.42
0.49
0.49
0.49
0.54
0.48
0.52
0.47
0.42
0.5
0.36
0.44
0.39
0.43000000000000005
0.5700000000000001
0.54
0.62
0.5700000000000001
0.5700000000000001
0.51
0.47
0.38
0.36
0.43000000000000005
0.48
0.5
0.5700000000000001
0.64
0.5700000000000001
0.59
0.49
0.5
0.42000000000000004
0.47
0.41000000000000003
0.54
0.54
