0.54
0.6200000000000001
0.47
0.52
0.52
0.45
0.5
0.45999999999999996
0.42
0.57
0.44999999999999996
0.54
0.44
0.49
0.5
0.45999999999999996
0.5
0.5
0.43
0.48
0.44
0.54
0.52
0.65
0.45000000000000007
0.53
0.44000000000000006
0.5
0.46
0.41
0.41
0.52
0.61
0.56
0.64
0.54
0.47
0.48
0.42
0.35
0.37
0.49
0.5800000000000001
0.6599999999999999
0.57
0.5700000000000001
0.63
0.45
0.49
0.47000000000000003
0.38
0.47
0.47000000000000003
0.6599999999999999
0.54
0.65
0.66
0.47
0.48
0.4
0.4
0.33
0.47
0.5599999999999999
0.54
0.67
0.71
0.6000000000000001
0.47
0.48
0.37
0.39
0.43000000000000005
0.49
0.55
0.5700000000000001
0.68
0.59
0.48
0.38
0.32
0.35
0.41
0.49
0.51
0.62
0.67
0.7100000000000001
0.62
0.63
0.51
0.38
0.28
0.48
0.47
0.6399999999999999
0.65
0.65
0.75
0.54
0.49
0.4
0.36
0.36
0.45
0.5800000000000001
0.59
0.77
0.7
0.64
0.5700000000000001
0.51
0.37
0.37
0.43000000000000005
0.48
0.6900000000000001
0.7799999999999999
0.79
0.76
0.52
0.5599999999999999
0.44999999999999996
0.33999999999999997
0.38
0.4
0.55
0.68
0.69
0.7
0.68
0.46
0.41000000000000003
0.32999999999999996
0.39
0.37
0.47
0.62
0.77
0.7999999999999999
0.75
0.64
0.51
0.51
0.31
0.38
0.52
0.51
0.69
0.73
0.74
0.72
0.7
0.43999999999999995
0.32999999999999996
0.33
0.30000000000000004
0.47
0.64
0.71
0.71
0.8099999999999999
0.69
0.52
0.54
0.34
0.32
0.51
0.48
0.62
0.64
0.77
0.73
0.58
0.52
0.38
0.37
0.41000000000000003
0.37
0.64
0.69
0.8
0.74
0.6699999999999999
0.53
0.49
0.38
0.31
0.34
0.55
0.71
0.64
0.7
0.7
0.62
0.47
0.38
0.27
0.35
0.44
0.61
0.69
0.78
0.75
0.75
0.55
0.39
0.35000000000000003
0.31
0.41
0.54
0.61
0.7
0.79
0.71
0.5900000000000001
0.51
0.36
0.37
0.42000000000000004
0.52
0.62
0.64
0.71
0.69
0.7000000000000001
0.59
0.42
0.36
0.33
0.34
0.43
0.58
0.77
0.75
0.74
0.59
0.5
0.45
0.36
0.28
0.52
0.5
0.66
0.75
0.74
0.62
0.53
0.39
0.32
0.43000000000000005
0.46
0.43999999999999995
0.59
0.76
0.72
0.71
0.5700000000000001
0.51
0.44
0.33
0.38
0.47
0.52
0.63
0.67
0.6699999999999999
0.69
0.6000000000000001
0.53
0.35
0.47000000000000003
0.43
0.57
0.54
0.54
0.76
0.66
0.51
0.54
0.46
0.42
0.27999999999999997
0.42000000000000004
0.56
0.5800000000000001
0.7
0.6799999999999999
0.69
0.49
0.4
0.42000000000000004
0.39
0.41000000000000003
0.45
0.5900000000000001
0.65
0.75
0.61
0.61
0.5
0.39
0.32
0.32
0.41000000000000003
0.53
0.55
0.64
0.66
0.61
0.5900000000000001
0.48
0.45
0.45999999999999996
0.54
0.42
0.5599999999999999
0.62
0.64
0.6699999999999999
0.56
0.5800000000000001
0.53
0.51
0.45
0.45
0.48
0.53
0.54
0.49
0.55
0.6
0.52
0.51
0.4
0.46
0.39
0.44000000000000006
0.52
0.6
0.56
0.53
0.51
0.54
0.54
0.6000000000000001
0.42
0.51
0.43
0.54
0.54
0.54
0.54
0.51
0.46
0.4
0.47
0.4
0.44999999999999996
0.47
0.52
0.49
0.47
0.5800000000000001
0.55
0.49
0.45999999999999996
0.51
0.43
0.44
0.54
0.62
0.56
0.5800000000000001
0.6599999999999999
0.54
0.51
0.45
0.43
0.41000000000000003
0.43
0.46
0.47
0.54
0.49
0.45999999999999996
0.64
0.55
0.49
0.55
0.39
0.47000000000000003
0.43
0.5800000000000001
0.54
0.53
0.54
0.55
0.52
0.42000000000000004
