0.6100000000000001
0.54
0.58
0.47
0.42
0.45
0.39
0.37
0.49
0.5900000000000001
0.5700000000000001
0.5700000000000001
0.63
0.55
0.5
0.44
0.44000000000000006
0.45
0.52
0.46
0.51
0.55
0.49
0.64
0.62
0.47000000000000003
0.44
0.48
0.41000000000000003
0.47000000000000003
0.46
0.49
0.6300000000000001
0.63
0.58
0.54
0.51
0.47000000000000003
0.54
0.48
0.51
0.42000000000000004
0.5800000000000001
0.6
0.62
0.61
0.51
0.42000000000000004
0.43
0.35
0.43
0.45
0.56
0.6599999999999999
0.6699999999999999
0.64
0.62
0.48
0.39999999999999997
0.33
0.41000000000000003
0.46
0.48
0.52
0.71
0.69
0.62
0.53
0.56
0.35000000000000003
0.44000000000000006
0.38
0.47000000000000003
0.56
0.55
0.7000000000000001
0.75
0.63
0.52
0.5
0.37
0.4
0.38
0.39
0.49
0.7200000000000001
0.6699999999999999
0.65
0.56
0.63
0.43
0.45999999999999996
0.31999999999999995
0.41
0.44
0.5900000000000001
0.6
0.64
0.65
0.64
0.49
0.36
0.37
0.32
0.48000000000000004
0.59
0.64
0.7000000000000001
0.6799999999999999
0.6799999999999999
0.65
0.35
0.43
0.4
0.37
0.49
0.5900000000000001
0.71
0.77
0.66
0.5900000000000001
0.46
0.35
0.41
0.33
0.5
0.53
0.66
0.72
0.7
0.71
0.51
0.44000000000000006
0.4
0.35
0.37
0.38
0.65
0.71
0.77
0.81
0.67
0.48
0.51
0.28
0.43
0.45
0.58
0.6900000000000001
0.75
0.73
0.75
0.49
0.48000000000000004
0.38
0.36
0.35000000000000003
0.5
0.66
0.68
0.8200000000000001
0.78
0.6699999999999999
0.47
0.46
0.32
0.3
0.41000000000000003
0.48
0.6699999999999999
0.76
0.74
0.72
0.5900000000000001
0.49
0.27
0.32
0.42000000000000004
0.51
0.6
0.71
0.77
0.78
0.6900000000000001
0.55
0.34
0.37
0.4
0.45999999999999996
0.5800000000000001
0.65
0.73
0.78
0.77
0.54
0.54
0.39
0.39
0.36
0.43000000000000005
0.61
0.6699999999999999
0.71
0.77
0.74
0.56
0.47
0.3
0.34
0.37
0.43
0.62
0.77
0.78
0.75
0.63
0.56
0.4
0.34
0.39
0.47
0.5
0.69
0.75
0.66
0.6799999999999999
0.67
0.45
0.44
0.32
0.30000000000000004
0.51
0.58
0.74
0.6799999999999999
0.68
0.66
0.54
0.53
0.32
0.26
0.39999999999999997
0.55
0.65
0.72
0.78
0.62
0.49
0.56
0.35
0.32999999999999996
0.33
0.52
0.55
0.71
0.71
0.68
0.5599999999999999
0.49
0.45999999999999996
0.31
0.39
0.41000000000000003
0.47
0.5700000000000001
0.62
0.67
0.63
0.53
0.45
0.27
0.32
0.35000000000000003
0.47000000000000003
0.62
0.69
0.66
0.77
0.65
0.54
0.51
0.31
0.33999999999999997
0.45
0.51
0.5599999999999999
0.62
0.6799999999999999
0.64
0.47
0.6000000000000001
0.45999999999999996
0.36
0.38
0.63
0.59
0.6499999999999999
0.6900000000000001
0.68
0.5700000000000001
0.56
0.43
0.49
0.46
0.45999999999999996
0.48000000000000004
0.5700000000000001
0.5900000000000001
0.7200000000000001
0.74
0.5800000000000001
0.54
0.48
0.44
0.37
0.43
0.44
0.53
0.5
0.68
0.64
0.6000000000000001
0.41
0.39999999999999997
0.43
0.42000000000000004
0.46
0.49
0.49
0.48
0.6399999999999999
0.5900000000000001
0.5700000000000001
0.52
0.51
0.41000000000000003
0.47
0.5
0.51
0.54
0.58
0.56
0.53
0.56
0.41
0.44
0.52
0.49
0.5
0.58
0.52
0.54
0.5900000000000001
0.62
0.53
0.54
0.47000000000000003
0.48
0.48
0.41000000000000003
0.5
0.47
0.6000000000000001
0.62
0.52
0.53
0.43
0.42000000000000004
0.47
0.59
0.61
0.49
0.52
0.55
0.54
0.51
0.5
0.49
0.47000000000000003
0.53
0.54
0.43
0.5
0.56
0.5800000000000001
0.48
0.44
0.5599999999999999
0.62
0.42000000000000004
0.38
0.41
0.48
0.51
0.63
0.59
0.54
0.54
0.54
0.47
