0.5
0.39
0.53
0.47
0.49
0.62
0.58
0.52
0.55
0.45
0.48
0.4
0.49
0.49
0.51
0.52
0.55
0.54
0.44999999999999996
0.49
0.4
0.48
0.46
0.41000000000000003
0.4
0.56
0.5
0.56
0.64
0.55
0.52
0.44000000000000006
0.45999999999999996
0.42000000000000004
0.44999999999999996
0.42
0.48000000000000004
0.46
0.62
0.57
0.53
0.5
0.54
0.42000000000000004
0.31
0.36
0.43
0.43
0.51
0.6000000000000001
0.5
0.5
0.45
0.33999999999999997
0.32999999999999996
0.44
0.32
0.48000000000000004
0.5700000000000001
0.66
0.64
0.6
0.38
0.41000000000000003
0.30000000000000004
0.29000000000000004
0.35
0.48
0.47000000000000003
0.41000000000000003
0.5800000000000001
0.66
0.44999999999999996
0.47
0.4
0.27
0.3
0.39
0.34
0.45
0.6499999999999999
0.61
0.58
0.52
0.4
0.29000000000000004
0.38
0.29
0.43000000000000005
0.45999999999999996
0.62
0.53
0.68
0.61
0.52
0.41000000000000003
0.32
0.3
0.25
0.51
0.44
0.55
0.69
0.59
0.5800000000000001
0.55
0.26
0.31
0.3
0.34
0.47
0.56
0.7000000000000001
0.69
0.59
0.5
0.35
0.25
0.27
0.32
0.34
0.44
0.6399999999999999
0.66
0.64
0.6
0.38
0.43000000000000005
0.27
0.29000000000000004
0.33999999999999997
0.44
0.53
0.59
0.72
0.52
0.55
0.36
0.26
0.28
0.28
0.36000000000000004
0.43
0.61
0.75
0.66
0.5800000000000001
0.47
0.27
0.28
0.25
0.34
0.4
0.51
0.65
0.7
0.65
0.52
0.44
0.30000000000000004
0.25
0.24000000000000002
0.25
0.55
0.55
0.74
0.7799999999999999
0.65
0.47000000000000003
0.41000000000000003
0.26
0.16999999999999998
0.27999999999999997
0.39999999999999997
0.51
0.62
0.65
0.7100000000000001
0.5800000000000001
0.35
0.31
0.23
0.14
0.33999999999999997
0.53
0.63
0.67
0.6599999999999999
0.62
0.42000000000000004
0.33
0.26
0.15
0.24
0.37
0.52
0.6900000000000001
0.68
0.53
0.52
0.45999999999999996
0.35
0.19
0.24
0.22
0.37
0.5800000000000001
0.73
0.6699999999999999
0.61
0.43999999999999995
0.38
0.29000000000000004
0.17
0.29
0.38
0.52
0.5
0.6699999999999999
0.62
0.62
0.4
0.29000000000000004
0.2
0.24
0.36000000000000004
0.34
0.55
0.68
0.7200000000000001
0.6799999999999999
0.5900000000000001
0.32999999999999996
0.25
0.26
0.26
0.35
0.48
0.54
0.62
0.62
0.59
0.47
0.41000000000000003
0.28
0.43000000000000005
0.38
0.47
0.52
0.6499999999999999
0.65
0.58
0.5
0.47
0.3
0.25
0.38
0.36
0.53
0.5900000000000001
0.6799999999999999
0.6699999999999999
0.53
0.51
0.41
0.38
0.24000000000000002
0.31
0.37
0.62
0.55
0.6599999999999999
0.5800000000000001
0.53
0.35000000000000003
0.27
0.24000000000000002
0.29000000000000004
0.32
0.53
0.64
0.61
0.74
0.5900000000000001
0.51
0.47000000000000003
0.49
0.30000000000000004
0.30000000000000004
0.41000000000000003
0.46
0.49
0.64
0.59
0.5
0.56
0.37
0.32
0.31
0.48
0.51
0.51
0.57
0.5800000000000001
0.53
0.5
0.4
0.45999999999999996
0.37
0.35
0.38
0.53
0.52
0.6499999999999999
0.64
0.53
0.47
0.44
0.44
0.42
0.36
0.44
0.53
0.5700000000000001
0.6
0.53
0.53
0.44
0.45
0.44
0.29
0.39
0.5
0.47
0.57
0.51
0.49
0.51
0.48
0.39
0.37
0.43
0.35
0.51
0.58
0.6
0.53
0.52
0.5
0.43000000000000005
0.42
0.49
0.48
0.53
0.55
0.5700000000000001
0.52
0.55
0.5700000000000001
0.53
0.4
0.44999999999999996
0.44
0.39
0.39
0.43000000000000005
0.49
0.54
0.52
0.51
0.47000000000000003
0.47000000000000003
0.51
0.52
0.42000000000000004
0.48
0.44
0.53
0.53
0.54
0.5900000000000001
0.43000000000000005
0.45
0.51
0.41000000000000003
0.31
0.43
0.47
0.51
0.48
0.64
0.52
0.61
0.37
0.25
0.48
0.38
0.42000000000000004
0.33999999999999997
0.47
