0.5700000000000001
0.63
0.5700000000000001
0.53
0.45999999999999996
0.56
0.47
0.51
0.44
0.5800000000000001
0.54
0.54
0.62
0.52
0.58
0.51
0.52
0.46
0.32999999999999996
0.49
0.52
0.53
0.57
0.53
0.64
0.56
0.5
0.37
0.53
0.42000000000000004
0.47
0.46
0.57
0.51
0.59
0.6
0.51
0.47
0.47
0.48
0.41000000000000003
0.48
0.56
0.59
0.57
0.6599999999999999
0.5
0.49
0.42
0.42
0.39
0.47000000000000003
0.55
0.47
0.62
0.55
0.63
0.51
0.45999999999999996
0.43
0.44999999999999996
0.38
0.47000000000000003
0.51
0.5499999999999999
0.64
0.56
0.56
0.48
0.45999999999999996
0.42
0.38999999999999996
0.4
0.52
0.54
0.67
0.7
0.54
0.6799999999999999
0.55
0.39
0.41000000000000003
0.44
0.52
0.54
0.62
0.73
0.6799999999999999
0.62
0.45
0.43
0.38
0.4
0.41000000000000003
0.5
0.6299999999999999
0.77
0.72
0.65
0.63
0.5
0.42000000000000004
0.38
0.45
0.47000000000000003
0.53
0.67
0.77
0.73
0.62
0.56
0.45999999999999996
0.39999999999999997
0.33
0.47000000000000003
0.53
0.66
0.69
0.66
0.73
0.62
0.49
0.38
0.37
0.39999999999999997
0.46
0.48
0.66
0.7
0.71
0.6599999999999999
0.67
0.48
0.38
0.29000000000000004
0.37
0.41
0.63
0.8400000000000001
0.74
0.77
0.71
0.57
0.44
0.25
0.35
0.49
0.55
0.62
0.8
0.75
0.76
0.5700000000000001
0.43
0.35
0.2
0.32
0.47000000000000003
0.61
0.77
0.76
0.74
0.69
0.5599999999999999
0.43
0.41000000000000003
0.33
0.42
0.55
0.64
0.75
0.86
0.7
0.54
0.44
0.3
0.39
0.3
0.41000000000000003
0.59
0.75
0.77
0.81
0.65
0.5599999999999999
0.43999999999999995
0.32
0.38
0.46
0.59
0.6599999999999999
0.66
0.85
0.8
0.65
0.43
0.35
0.4
0.37
0.52
0.63
0.67
0.72
0.75
0.69
0.54
0.45999999999999996
0.32
0.34
0.39
0.54
0.56
0.78
0.73
0.83
0.5599999999999999
0.47
0.39
0.26
0.47
0.45
0.49
0.75
0.76
0.71
0.75
0.6
0.48
0.39
0.31
0.44000000000000006
0.56
0.64
0.71
0.75
0.6699999999999999
0.63
0.5
0.37
0.3
0.37
0.43
0.6
0.53
0.68
0.6799999999999999
0.75
0.5700000000000001
0.47000000000000003
0.42
0.34
0.43
0.51
0.59
0.7
0.81
0.66
0.65
0.47
0.4
0.3
0.41000000000000003
0.4
0.5
0.58
0.71
0.72
0.74
0.55
0.44999999999999996
0.51
0.42
0.37
0.45
0.55
0.64
0.72
0.67
0.65
0.52
0.39
0.34
0.39
0.48
0.48
0.61
0.6799999999999999
0.68
0.58
0.54
0.56
0.52
0.36000000000000004
0.43
0.42
0.55
0.66
0.5800000000000001
0.65
0.63
0.52
0.52
0.43000000000000005
0.31
0.43
0.49
0.53
0.56
0.62
0.63
0.6499999999999999
0.47
0.53
0.42
0.4
0.39
0.45999999999999996
0.59
0.62
0.64
0.55
0.5700000000000001
0.43
0.42000000000000004
0.46
0.43
0.38
0.61
0.55
0.51
0.7100000000000001
0.48
0.56
0.49
0.52
0.38
0.4
0.51
0.48000000000000004
0.53
0.59
0.53
0.54
0.5700000000000001
0.52
0.47
0.49
0.53
0.49
0.57
0.58
0.5700000000000001
0.5900000000000001
0.54
0.52
0.5800000000000001
0.38
0.52
0.43000000000000005
0.5800000000000001
0.52
0.57
0.53
0.56
0.54
0.5700000000000001
0.44
0.45999999999999996
0.48
0.47000000000000003
0.42000000000000004
0.45
0.51
0.5700000000000001
0.56
0.6
0.47000000000000003
0.52
0.39
0.48
0.52
0.44
0.53
0.51
0.49
0.51
0.5499999999999999
0.6
0.39
0.48
0.46
0.48
0.43
0.5
0.5700000000000001
0.61
0.5900000000000001
0.5800000000000001
0.49
0.45999999999999996
