0.5900000000000001
0.5700000000000001
0.57
0.49
0.41
0.3
0.42000000000000004
0.45
0.41000000000000003
0.55
0.56
0.5
0.55
0.54
0.49
0.47
0.54
0.5
0.47
0.44
0.49
0.5
0.44
0.53
0.54
0.49
0.41000000000000003
0.42
0.45
0.51
0.46
0.48
0.52
0.51
0.51
0.47
0.5900000000000001
0.45
0.45999999999999996
0.39
0.53
0.53
0.47
0.53
0.6799999999999999
0.47
0.58
0.45
0.45
0.38
0.48000000000000004
0.49
0.52
0.65
0.66
0.71
0.54
0.62
0.46
0.38
0.39999999999999997
0.35
0.51
0.6
0.65
0.7
0.56
0.63
0.46
0.4
0.31
0.41
0.46
0.55
0.62
0.65
0.62
0.65
0.52
0.51
0.46
0.38
0.24
0.41
0.57
0.63
0.73
0.65
0.54
0.48
0.46
0.44
0.37
0.32
0.52
0.61
0.76
0.71
0.6499999999999999
0.59
0.49
0.37
0.30000000000000004
0.29000000000000004
0.51
0.45999999999999996
0.62
0.72
0.74
0.75
0.5
0.39
0.36
0.29000000000000004
0.37
0.43
0.64
0.66
0.69
0.75
0.67
0.55
0.4
0.36000000000000004
0.31
0.49
0.55
0.6799999999999999
0.7
0.7999999999999999
0.62
0.58
0.49
0.45
0.3
0.46
0.44
0.63
0.74
0.81
0.74
0.6799999999999999
0.49
0.34
0.29000000000000004
0.37
0.47
0.54
0.6
0.72
0.77
0.63
0.57
0.53
0.28
0.24
0.36
0.47
0.53
0.71
0.8099999999999999
0.76
0.63
0.5800000000000001
0.45999999999999996
0.35000000000000003
0.36000000000000004
0.36000000000000004
0.55
0.67
0.72
0.78
0.78
0.7
0.5
0.37
0.32
0.45
0.52
0.54
0.79
0.8300000000000001
0.71
0.78
0.51
0.5
0.32
0.36
0.42
0.52
0.6799999999999999
0.71
0.81
0.71
0.62
0.38
0.38
0.36000000000000004
0.35
0.45
0.56
0.6799999999999999
0.76
0.79
0.74
0.51
0.51
0.41000000000000003
0.3
0.38
0.58
0.69
0.77
0.83
0.7
0.68
0.46
0.44999999999999996
0.41
0.35
0.45
0.62
0.72
0.72
0.81
0.67
0.5
0.44
0.37
0.36
0.33
0.47
0.5900000000000001
0.6599999999999999
0.73
0.73
0.63
0.52
0.29000000000000004
0.41
0.28
0.45
0.47000000000000003
0.67
0.65
0.6699999999999999
0.73
0.6
0.53
0.39
0.34
0.38
0.45999999999999996
0.5800000000000001
0.74
0.7
0.74
0.64
0.6100000000000001
0.43
0.32
0.32
0.48
0.62
0.5800000000000001
0.64
0.64
0.6
0.53
0.5
0.37
0.32
0.44
0.51
0.5800000000000001
0.6799999999999999
0.74
0.75
0.67
0.52
0.41000000000000003
0.39999999999999997
0.38999999999999996
0.39
0.51
0.63
0.6799999999999999
0.64
0.74
0.48000000000000004
0.43
0.44
0.41000000000000003
0.34
0.47000000000000003
0.56
0.6
0.61
0.62
0.56
0.48
0.47
0.42
0.45
0.43
0.45
0.54
0.6799999999999999
0.64
0.5599999999999999
0.57
0.41000000000000003
0.43000000000000005
0.43
0.5
0.45999999999999996
0.51
0.54
0.54
0.59
0.59
0.62
0.52
0.51
0.37
0.44000000000000006
0.51
0.44999999999999996
0.61
0.6
0.58
0.61
0.52
0.51
0.42
0.39
0.45999999999999996
0.52
0.5
0.59
0.61
0.6000000000000001
0.5800000000000001
0.44999999999999996
0.43
0.47
0.5
0.49
0.54
0.53
0.5900000000000001
0.55
0.51
0.44999999999999996
0.53
0.51
0.47
0.48000000000000004
0.45
0.54
0.54
0.53
0.53
0.5800000000000001
0.47000000000000003
0.5
0.45
0.44
0.54
0.45
0.48
0.61
0.49
0.64
0.56
0.51
0.51
0.54
0.44
0.4
0.43000000000000005
0.47
0.47
0.5800000000000001
0.5
0.65
0.58
0.38
0.53
0.42000000000000004
0.48
0.4
0.45
0.5700000000000001
0.48
0.6200000000000001
0.57
0.5800000000000001
0.52
0.4
