0.5
0.61
0.47
0.53
0.51
0.38
0.42000000000000004
0.48000000000000004
0.45
0.55
0.52
0.6
0.51
0.51
0.49
0.48000000000000004
0.45
0.46
0.55
0.51
0.6
0.52
0.54
0.59
0.6
0.44
0.5
0.44
0.36
0.44999999999999996
0.48
0.56
0.54
0.58
0.55
0.5800000000000001
0.52
0.54
0.38
0.43
0.47000000000000003
0.5
0.46
0.58
0.6900000000000001
0.64
0.5700000000000001
0.5700000000000001
0.49
0.4
0.5
0.5
0.55
0.66
0.67
0.56
0.68
0.52
0.43
0.33999999999999997
0.36000000000000004
0.4
0.62
0.5900000000000001
0.7
0.7100000000000001
0.65
0.52
0.53
0.5900000000000001
0.42
0.33999999999999997
0.55
0.53
0.6
0.73
0.7000000000000001
0.61
0.66
0.55
0.35
0.39
0.42
0.48000000000000004
0.6
0.71
0.62
0.71
0.57
0.54
0.38
0.47
0.32
0.39
0.48
0.5900000000000001
0.6799999999999999
0.7
0.75
0.49
0.56
0.45
0.31
0.41000000000000003
0.42000000000000004
0.44999999999999996
0.74
0.69
0.7
0.6599999999999999
0.53
0.44
0.3
0.31000000000000005
0.41
0.5
0.65
0.75
0.73
0.68
0.6599999999999999
0.5599999999999999
0.36
0.34
0.36000000000000004
0.39999999999999997
0.62
0.57
0.73
0.7100000000000001
0.66
0.56
0.47
0.41000000000000003
0.28
0.48
0.45
0.64
0.74
0.72
0.72
0.6399999999999999
0.57
0.39
0.25
0.33999999999999997
0.42000000000000004
0.53
0.73
0.72
0.75
0.6599999999999999
0.6
0.49
0.35
0.3
0.35
0.48000000000000004
0.56
0.7
0.75
0.76
0.75
0.45
0.44999999999999996
0.26
0.22
0.35
0.53
0.59
0.74
0.8300000000000001
0.72
0.6
0.49
0.38
0.35
0.29000000000000004
0.42000000000000004
0.65
0.69
0.77
0.86
0.66
0.47000000000000003
0.37
0.33
0.34
0.38
0.58
0.6699999999999999
0.74
0.85
0.76
0.63
0.48
0.31
0.32
0.47
0.48
0.54
0.65
0.81
0.76
0.78
0.63
0.42
0.27
0.33
0.39
0.5599999999999999
0.62
0.71
0.8300000000000001
0.7100000000000001
0.62
0.48
0.5
0.32999999999999996
0.38
0.38
0.6
0.71
0.8
0.76
0.64
0.66
0.45
0.32
0.28
0.32
0.41000000000000003
0.6699999999999999
0.75
0.74
0.74
0.65
0.52
0.45999999999999996
0.38
0.38
0.41
0.53
0.59
0.72
0.5700000000000001
0.62
0.53
0.48
0.35000000000000003
0.35000000000000003
0.42000000000000004
0.5
0.53
0.7
0.75
0.62
0.64
0.47
0.41000000000000003
0.32
0.33
0.47000000000000003
0.49
0.59
0.62
0.76
0.6900000000000001
0.63
0.38
0.45
0.34
0.42
0.47
0.6499999999999999
0.73
0.76
0.7100000000000001
0.6799999999999999
0.47
0.36
0.39
0.26
0.41
0.49
0.53
0.51
0.7
0.7000000000000001
0.59
0.54
0.51
0.36000000000000004
0.41
0.5
0.44000000000000006
0.63
0.68
0.69
0.52
0.49
0.49
0.43
0.42
0.47000000000000003
0.5
0.6000000000000001
0.54
0.63
0.65
0.62
0.47
0.48
0.35
0.36
0.47
0.53
0.56
0.56
0.5800000000000001
0.6399999999999999
0.56
0.47000000000000003
0.43
0.4
0.47000000000000003
0.47000000000000003
0.56
0.55
0.5599999999999999
0.71
0.61
0.5
0.53
0.43
0.49
0.51
0.49
0.52
0.61
0.63
0.57
0.6499999999999999
0.49
0.42
0.39999999999999997
0.47
0.48000000000000004
0.5
0.5700000000000001
0.58
0.51
0.52
0.47
0.44999999999999996
0.43000000000000005
0.48
0.45000000000000007
0.43
0.47
0.6
0.55
0.56
0.61
0.6100000000000001
0.5700000000000001
0.51
0.46
0.48
0.49
0.53
0.53
0.49
0.48
0.5800000000000001
0.52
0.56
0.47
0.47000000000000003
0.46
0.41000000000000003
0.57
0.55
0.49
0.5900000000000001
0.69
0.57
0.53
0.49
0.52
0.36
0.48
0.39
0.63
0.75
0.52
0.6200000000000001
0.58
0.66
0.53
