0.44
0.4
0.47
0.53
0.5800000000000001
0.49
0.5700000000000001
0.42
0.51
0.56
0.45999999999999996
0.43
0.38
0.5
0.53
0.48
0.52
0.49
0.39999999999999997
0.59
0.43000000000000005
0.4
0.38
0.45
0.41
0.45
0.51
0.54
0.5800000000000001
0.5800000000000001
0.52
0.48
0.42000000000000004
0.45
0.4
0.49
0.42
0.46
0.47
0.58
0.6599999999999999
0.49
0.49
0.41000000000000003
0.4
0.37
0.52
0.6
0.61
0.63
0.51
0.6
0.42
0.41000000000000003
0.32999999999999996
0.36
0.4
0.46
0.62
0.59
0.63
0.49
0.58
0.51
0.36
0.30000000000000004
0.43999999999999995
0.49
0.44
0.52
0.6
0.55
0.56
0.44
0.39
0.33
0.32
0.33999999999999997
0.36
0.56
0.64
0.61
0.61
0.42000000000000004
0.44000000000000006
0.37
0.36
0.38
0.4
0.43
0.55
0.63
0.62
0.54
0.45000000000000007
0.41000000000000003
0.28
0.26
0.30000000000000004
0.5
0.53
0.6100000000000001
0.57
0.62
0.58
0.49
0.32
0.2
0.37
0.35000000000000003
0.43000000000000005
0.5800000000000001
0.63
0.66
0.67
0.49
0.29000000000000004
0.29000000000000004
0.27
0.31
0.33999999999999997
0.51
0.5900000000000001
0.6900000000000001
0.64
0.55
0.44
0.35
0.22
0.27
0.4
0.45
0.57
0.65
0.67
0.59
0.5
0.45
0.25
0.25
0.27
0.35
0.51
0.62
0.65
0.5900000000000001
0.6
0.53
0.32999999999999996
0.26
0.27999999999999997
0.24
0.38999999999999996
0.45
0.5900000000000001
0.62
0.6
0.48
0.45
0.3
0.22000000000000003
0.26
0.32
0.47
0.55
0.67
0.66
0.64
0.5
0.31
0.3
0.21
0.26
0.44
0.45999999999999996
0.6300000000000001
0.6900000000000001
0.6699999999999999
0.55
0.49
0.26
0.22
0.19999999999999998
0.26
0.51
0.6
0.67
0.64
0.64
0.5599999999999999
0.44999999999999996
0.27
0.25
0.26
0.43
0.49
0.57
0.67
0.65
0.54
0.33999999999999997
0.30000000000000004
0.25
0.24
0.28
0.42
0.5800000000000001
0.7
0.59
0.72
0.47
0.39
0.32
0.22
0.31
0.39
0.47
0.63
0.67
0.65
0.52
0.43
0.38
0.26
0.31
0.37
0.45
0.5
0.74
0.63
0.64
0.53
0.31000000000000005
0.28
0.27
0.26
0.39
0.5800000000000001
0.53
0.55
0.6799999999999999
0.5700000000000001
0.49
0.44
0.32
0.25
0.33999999999999997
0.46
0.63
0.5599999999999999
0.63
0.6399999999999999
0.53
0.4
0.32
0.19
0.28
0.32
0.5
0.6
0.6699999999999999
0.58
0.52
0.56
0.43
0.33999999999999997
0.32
0.38
0.49
0.5
0.55
0.66
0.5700000000000001
0.56
0.46
0.32999999999999996
0.31999999999999995
0.34
0.33999999999999997
0.51
0.5599999999999999
0.6799999999999999
0.6799999999999999
0.5
0.43
0.46
0.32
0.27
0.39
0.41000000000000003
0.49
0.54
0.64
0.63
0.48000000000000004
0.52
0.37
0.35
0.4
0.39
0.51
0.52
0.6599999999999999
0.71
0.64
0.52
0.52
0.38
0.38
0.41000000000000003
0.43
0.42000000000000004
0.56
0.54
0.5700000000000001
0.6
0.49
0.37
0.41000000000000003
0.35
0.35
0.45
0.49
0.5700000000000001
0.5700000000000001
0.51
0.47
0.5800000000000001
0.4
0.48000000000000004
0.35
0.46
0.51
0.59
0.55
0.43000000000000005
0.53
0.53
0.42000000000000004
0.33999999999999997
0.47000000000000003
0.42000000000000004
0.48
0.54
0.63
0.55
0.54
0.63
0.49
0.52
0.42000000000000004
0.4
0.4
0.41000000000000003
0.52
0.47000000000000003
0.56
0.54
0.5
0.55
0.54
0.52
0.46
0.39999999999999997
0.45
0.52
0.55
0.5800000000000001
0.5
0.47
0.53
0.42000000000000004
0.45
0.4
0.43
0.47
0.52
0.53
0.52
0.58
0.5
0.52
0.53
0.45
0.4
0.52
0.44
0.45999999999999996
0.55
0.55
0.56
0.5800000000000001
0.5900000000000001
0.44999999999999996
0.37
0.48
0.49
0.49
0.44
0.59
