0.49
0.48000000000000004
0.4
0.48
0.51
0.45
0.53
0.53
0.47000000000000003
0.52
0.42
0.44
0.56
0.53
0.46
0.46
0.54
0.59
0.54
0.4
0.48
0.41000000000000003
0.37
0.44
0.49
0.38
0.53
0.5800000000000001
0.6000000000000001
0.53
0.63
0.5
0.45
0.34
0.46
0.49
0.59
0.58
0.5900000000000001
0.62
0.62
0.46
0.45999999999999996
0.45
0.25
0.49
0.41
0.47000000000000003
0.58
0.5700000000000001
0.66
0.45999999999999996
0.4
0.43
0.27
0.36
0.36
0.5
0.59
0.63
0.55
0.67
0.51
0.44
0.44
0.36
0.39
0.48000000000000004
0.47000000000000003
0.55
0.5800000000000001
0.62
0.49
0.5
0.45
0.37
0.35000000000000003
0.31000000000000005
0.51
0.46
0.64
0.69
0.6
0.63
0.41000000000000003
0.41000000000000003
0.32
0.33
0.41000000000000003
0.48
0.51
0.5700000000000001
0.5700000000000001
0.6
0.45999999999999996
0.44
0.38
0.25
0.30000000000000004
0.4
0.51
0.59
0.65
0.5900000000000001
0.63
0.54
0.33
0.30000000000000004
0.32
0.38
0.44
0.51
0.69
0.71
0.52
0.58
0.37
0.27
0.27
0.3
0.53
0.47
0.6599999999999999
0.64
0.65
0.55
0.44999999999999996
0.3
0.3
0.27
0.36
0.32
0.52
0.64
0.7
0.56
0.53
0.38
0.28
0.27
0.39
0.37
0.56
0.56
0.59
0.63
0.59
0.46
0.32
0.22999999999999998
0.22
0.30000000000000004
0.44
0.51
0.64
0.7
0.61
0.54
0.43
0.26
0.18000000000000002
0.24
0.26
0.49
0.55
0.72
0.7000000000000001
0.5800000000000001
0.56
0.33999999999999997
0.22
0.28
0.37
0.41000000000000003
0.51
0.58
0.74
0.63
0.44
0.42000000000000004
0.32
0.21
0.22
0.36
0.51
0.54
0.72
0.61
0.63
0.49
0.43
0.32999999999999996
0.16999999999999998
0.29
0.42
0.62
0.62
0.6699999999999999
0.6699999999999999
0.6
0.37
0.35000000000000003
0.19999999999999998
0.21
0.31
0.44000000000000006
0.59
0.64
0.73
0.6200000000000001
0.45
0.31
0.28
0.19
0.26
0.39
0.55
0.63
0.7
0.66
0.46
0.46
0.29000000000000004
0.26
0.24000000000000002
0.36
0.41000000000000003
0.5800000000000001
0.71
0.61
0.6200000000000001
0.59
0.37
0.37
0.22999999999999998
0.3
0.33999999999999997
0.62
0.61
0.64
0.6399999999999999
0.54
0.43000000000000005
0.32999999999999996
0.21
0.22999999999999998
0.4
0.32999999999999996
0.56
0.7000000000000001
0.5900000000000001
0.6200000000000001
0.5
0.37
0.31000000000000005
0.3
0.27
0.39
0.53
0.63
0.56
0.55
0.51
0.43
0.42
0.38
0.33999999999999997
0.44
0.38
0.48000000000000004
0.5
0.61
0.69
0.53
0.37
0.36
0.27
0.31
0.32
0.44
0.54
0.58
0.6699999999999999
0.5700000000000001
0.46
0.39
0.29
0.32
0.49
0.41000000000000003
0.56
0.63
0.6599999999999999
0.6000000000000001
0.43000000000000005
0.51
0.41
0.35
0.29000000000000004
0.36
0.5
0.5
0.6599999999999999
0.5700000000000001
0.62
0.37
0.46
0.35
0.42
0.25
0.42000000000000004
0.5
0.54
0.62
0.57
0.55
0.52
0.48
0.38
0.4
0.41000000000000003
0.48000000000000004
0.5800000000000001
0.65
0.64
0.5800000000000001
0.51
0.45
0.49
0.22999999999999998
0.43
0.42000000000000004
0.53
0.42000000000000004
0.56
0.6200000000000001
0.61
0.55
0.5
0.48
0.47
0.45
0.45999999999999996
0.56
0.53
0.51
0.56
0.54
0.49
0.47000000000000003
0.39
0.37
0.47000000000000003
0.47
0.54
0.48
0.5
0.48000000000000004
0.52
0.54
0.48
0.39
0.43
0.35
0.42000000000000004
0.5
0.61
0.49
0.59
0.52
0.52
0.47
0.47000000000000003
0.42000000000000004
0.44
0.45
0.49
0.48
0.59
0.6499999999999999
0.65
0.62
0.54
0.48
0.5
0.46
0.41000000000000003
0.43
0.44
0.52
0.56
0.49
0.45
0.52
0.45
0.44
0.41000000000000003
0.4
0.48
0.52
