0.5700000000000001
0.54
0.49
0.56
0.5
0.49
0.48
0.42
0.52
0.62
0.6100000000000001
0.62
0.58
0.52
0.51
0.47
0.52
0.56
0.44
0.55
0.54
0.54
0.5800000000000001
0.6900000000000001
0.55
0.51
0.43999999999999995
0.4
0.49
0.48
0.47
0.5900000000000001
0.71
0.54
0.5800000000000001
0.51
0.44
0.53
0.46
0.34
0.48
0.47
0.58
0.6000000000000001
0.61
0.65
0.55
0.4
0.45
0.42000000000000004
0.5
0.53
0.47
0.5599999999999999
0.61
0.63
0.54
0.44999999999999996
0.48
0.4
0.26
0.45
0.52
0.54
0.58
0.63
0.67
0.56
0.55
0.38
0.44
0.41
0.48
0.55
0.59
0.6
0.5800000000000001
0.6799999999999999
0.53
0.44999999999999996
0.33
0.42
0.33
0.39999999999999997
0.45999999999999996
0.6499999999999999
0.62
0.63
0.5900000000000001
0.51
0.54
0.5
0.38
0.38
0.64
0.58
0.68
0.78
0.72
0.57
0.56
0.5
0.33
0.36000000000000004
0.45999999999999996
0.56
0.64
0.65
0.73
0.66
0.57
0.43
0.35
0.24000000000000002
0.39
0.47
0.66
0.6799999999999999
0.77
0.71
0.6599999999999999
0.5800000000000001
0.33
0.41
0.39
0.43
0.51
0.62
0.66
0.73
0.69
0.58
0.55
0.37
0.39
0.36
0.47
0.53
0.65
0.79
0.79
0.6699999999999999
0.52
0.41000000000000003
0.31000000000000005
0.46
0.44999999999999996
0.53
0.61
0.78
0.78
0.6399999999999999
0.63
0.49
0.37
0.34
0.35000000000000003
0.52
0.65
0.78
0.77
0.8300000000000001
0.61
0.45
0.37
0.44
0.33
0.45999999999999996
0.49
0.71
0.78
0.8700000000000001
0.79
0.61
0.38
0.35
0.26
0.35
0.45
0.6799999999999999
0.69
0.76
0.78
0.68
0.57
0.44
0.43
0.24
0.44
0.49
0.68
0.78
0.8200000000000001
0.76
0.67
0.49
0.42
0.37
0.31
0.47
0.63
0.69
0.79
0.77
0.69
0.51
0.49
0.27
0.31
0.35
0.5700000000000001
0.65
0.78
0.71
0.74
0.64
0.47
0.31
0.45
0.4
0.51
0.51
0.71
0.74
0.8
0.68
0.5800000000000001
0.51
0.44
0.32
0.41000000000000003
0.42
0.69
0.75
0.74
0.74
0.61
0.41000000000000003
0.38
0.33
0.46
0.49
0.61
0.72
0.67
0.73
0.65
0.61
0.47
0.36000000000000004
0.32
0.38
0.52
0.64
0.74
0.66
0.67
0.63
0.59
0.42000000000000004
0.38
0.3
0.45999999999999996
0.52
0.5900000000000001
0.69
0.7
0.67
0.6
0.52
0.35
0.36
0.36
0.46
0.61
0.62
0.7000000000000001
0.59
0.66
0.6100000000000001
0.48
0.39999999999999997
0.42000000000000004
0.45
0.48
0.61
0.6799999999999999
0.64
0.64
0.58
0.47
0.38
0.4
0.45999999999999996
0.54
0.52
0.57
0.66
0.64
0.5700000000000001
0.43
0.46
0.47000000000000003
0.49
0.56
0.39999999999999997
0.47
0.57
0.7
0.67
0.55
0.58
0.48
0.43
0.4
0.41000000000000003
0.56
0.65
0.5800000000000001
0.6599999999999999
0.6399999999999999
0.52
0.49
0.44
0.41000000000000003
0.39
0.47000000000000003
0.63
0.63
0.59
0.5800000000000001
0.55
0.44
0.45999999999999996
0.52
0.44
0.54
0.5
0.48
0.5800000000000001
0.5800000000000001
0.59
0.51
0.61
0.46
0.41000000000000003
0.49
0.53
0.61
0.54
0.47000000000000003
0.61
0.56
0.54
0.5
0.49
0.51
0.42
0.52
0.45999999999999996
0.5
0.48000000000000004
0.52
0.5900000000000001
0.56
0.46
0.51
0.55
0.48
0.52
0.5
0.41
0.54
0.52
0.6299999999999999
0.5700000000000001
0.5
0.42
0.5700000000000001
0.48
0.47
0.52
0.55
0.54
0.53
0.5
0.49
0.47000000000000003
0.54
0.41000000000000003
0.39
0.45
0.51
0.5800000000000001
0.51
0.5800000000000001
0.61
0.54
0.51
0.45999999999999996
