0.43000000000000005
0.48
0.34
0.47000000000000003
0.5
0.52
0.5
0.58
0.5
0.51
0.46
0.39
0.48
0.37
0.54
0.5
0.49
0.55
0.56
0.49
0.43
0.44
0.39
0.46
0.44
0.44999999999999996
0.58
0.53
0.51
0.62
0.52
0.41000000000000003
0.39
0.38
0.4
0.43999999999999995
0.5
0.5700000000000001
0.6
0.58
0.49
0.55
0.5
0.32
0.33
0.38
0.53
0.49
0.49
0.6399999999999999
0.63
0.56
0.51
0.43
0.42
0.32
0.44
0.38
0.49
0.62
0.5900000000000001
0.56
0.5599999999999999
0.41000000000000003
0.46
0.33
0.41000000000000003
0.37
0.43
0.6
0.63
0.5700000000000001
0.65
0.55
0.39
0.31
0.3
0.39
0.39
0.52
0.5800000000000001
0.63
0.64
0.45
0.41000000000000003
0.37
0.39
0.32
0.39999999999999997
0.46
0.5
0.5700000000000001
0.61
0.62
0.47
0.41000000000000003
0.35
0.37
0.26
0.38
0.5
0.6200000000000001
0.69
0.6900000000000001
0.53
0.5
0.37
0.24
0.24000000000000002
0.28
0.46
0.5900000000000001
0.65
0.61
0.5
0.5
0.33999999999999997
0.24
0.25
0.28
0.38
0.61
0.58
0.62
0.68
0.53
0.39
0.23
0.29000000000000004
0.25
0.33
0.41000000000000003
0.49
0.63
0.6799999999999999
0.58
0.47
0.43000000000000005
0.3
0.23
0.28
0.39999999999999997
0.44
0.57
0.59
0.67
0.62
0.51
0.24000000000000002
0.24
0.19
0.32999999999999996
0.4
0.57
0.64
0.6900000000000001
0.65
0.58
0.32999999999999996
0.36
0.22
0.29
0.39999999999999997
0.58
0.6200000000000001
0.66
0.63
0.56
0.35
0.38
0.27
0.22
0.32
0.38
0.56
0.65
0.74
0.63
0.5
0.44
0.27
0.29000000000000004
0.25
0.35000000000000003
0.45
0.59
0.62
0.66
0.62
0.55
0.36
0.32
0.24
0.28
0.31
0.58
0.68
0.73
0.68
0.61
0.44
0.34
0.27
0.29
0.38
0.47000000000000003
0.5700000000000001
0.62
0.68
0.56
0.5
0.3
0.27
0.12
0.29
0.29000000000000004
0.48000000000000004
0.62
0.64
0.5700000000000001
0.48
0.43
0.35000000000000003
0.27
0.31
0.32
0.43000000000000005
0.54
0.64
0.5900000000000001
0.56
0.44
0.36
0.29000000000000004
0.21
0.26
0.37
0.42000000000000004
0.53
0.6699999999999999
0.66
0.55
0.45999999999999996
0.3
0.35
0.27
0.3
0.48
0.5700000000000001
0.56
0.67
0.5700000000000001
0.6
0.47
0.27999999999999997
0.26
0.24
0.4
0.41000000000000003
0.54
0.57
0.58
0.53
0.56
0.37
0.29
0.26
0.44
0.37
0.53
0.6
0.61
0.62
0.49
0.45
0.41000000000000003
0.35
0.31
0.4
0.41000000000000003
0.58
0.63
0.53
0.5900000000000001
0.51
0.43
0.36
0.28
0.32999999999999996
0.34
0.51
0.66
0.65
0.6799999999999999
0.5
0.43
0.44
0.37
0.29000000000000004
0.45999999999999996
0.36
0.53
0.6499999999999999
0.56
0.6399999999999999
0.51
0.39
0.45999999999999996
0.38
0.38
0.34
0.45999999999999996
0.54
0.54
0.53
0.48
0.43
0.41000000000000003
0.36000000000000004
0.39
0.43
0.36
0.54
0.55
0.57
0.55
0.45
0.39
0.41000000000000003
0.35000000000000003
0.39
0.43000000000000005
0.41000000000000003
0.5
0.56
0.48
0.48000000000000004
0.49
0.5
0.52
0.39
0.36
0.45
0.52
0.52
0.52
0.52
0.47000000000000003
0.54
0.59
0.47
0.48
0.47
0.4
0.55
0.48
0.59
0.56
0.54
0.57
0.48
0.4
0.43
0.45
0.54
0.44
0.53
0.5
0.48
0.49
0.49
0.46
0.47000000000000003
0.4
0.51
0.31000000000000005
0.45999999999999996
0.48
0.54
0.53
0.53
0.5
0.39
0.49
0.39
0.45
0.43999999999999995
0.47
0.48
0.62
0.56
0.6599999999999999
0.47
0.45999999999999996
0.5
0.32
0.38
0.45
0.43
0.48
