0.48
0.47
0.54
0.53
0.44
0.58
0.5700000000000001
0.6100000000000001
0.5
0.47
0.41
0.44
0.45999999999999996
0.55
0.51
0.47
0.56
0.48
0.53
0.49
0.44
0.44999999999999996
0.55
0.39
0.59
0.39999999999999997
0.62
0.56
0.65
0.48
0.47
0.51
0.47
0.47000000000000003
0.48
0.43
0.5
0.45
0.5800000000000001
0.5
0.6000000000000001
0.53
0.47
0.44000000000000006
0.44000000000000006
0.45
0.47
0.48
0.5700000000000001
0.55
0.55
0.49
0.41000000000000003
0.31
0.4
0.36
0.35
0.55
0.54
0.6200000000000001
0.6699999999999999
0.56
0.5
0.4
0.43
0.35
0.42
0.45
0.44
0.62
0.57
0.6599999999999999
0.66
0.48
0.35
0.31
0.32
0.38
0.47000000000000003
0.47
0.54
0.58
0.5700000000000001
0.5700000000000001
0.48
0.36
0.28
0.3
0.39
0.52
0.53
0.67
0.61
0.56
0.5599999999999999
0.44
0.24
0.29000000000000004
0.39
0.42000000000000004
0.52
0.65
0.58
0.6799999999999999
0.5800000000000001
0.51
0.28
0.3
0.37
0.38999999999999996
0.39
0.56
0.65
0.74
0.62
0.5
0.46
0.38
0.28
0.32
0.31
0.52
0.6499999999999999
0.66
0.67
0.64
0.33
0.35
0.32
0.25
0.33
0.4
0.47
0.61
0.6900000000000001
0.57
0.51
0.41000000000000003
0.31000000000000005
0.25
0.3
0.41
0.47000000000000003
0.59
0.6
0.64
0.5700000000000001
0.54
0.36
0.24000000000000002
0.34
0.18
0.44
0.55
0.61
0.64
0.7
0.54
0.35
0.28
0.18000000000000002
0.26
0.33999999999999997
0.4
0.61
0.59
0.62
0.64
0.48
0.37
0.26
0.25
0.34
0.41000000000000003
0.49
0.7
0.7
0.74
0.53
0.44000000000000006
0.28
0.2
0.23
0.37
0.5900000000000001
0.52
0.62
0.64
0.6799999999999999
0.38
0.39
0.23
0.2
0.27
0.41000000000000003
0.54
0.52
0.66
0.61
0.6
0.36
0.34
0.28
0.31
0.35
0.43
0.6000000000000001
0.76
0.65
0.6
0.56
0.34
0.24
0.26
0.33999999999999997
0.38
0.5
0.61
0.67
0.62
0.56
0.48
0.23
0.19
0.22000000000000003
0.39
0.42000000000000004
0.5
0.61
0.7
0.6000000000000001
0.59
0.49
0.26
0.21
0.34
0.43000000000000005
0.5
0.62
0.55
0.68
0.62
0.45999999999999996
0.42
0.25
0.23
0.32
0.5
0.62
0.69
0.62
0.65
0.5
0.44999999999999996
0.38
0.29000000000000004
0.33
0.38
0.36
0.55
0.61
0.65
0.6100000000000001
0.42
0.34
0.39
0.36
0.33
0.37
0.51
0.62
0.6900000000000001
0.5700000000000001
0.5499999999999999
0.43999999999999995
0.35
0.33999999999999997
0.33
0.32
0.4
0.56
0.64
0.65
0.54
0.5
0.45
0.35
0.37
0.42
0.38
0.56
0.51
0.61
0.5700000000000001
0.52
0.5
0.38
0.32999999999999996
0.35
0.42000000000000004
0.45999999999999996
0.6
0.47000000000000003
0.67
0.6000000000000001
0.49
0.37
0.41
0.37
0.36
0.44999999999999996
0.56
0.52
0.5599999999999999
0.5800000000000001
0.51
0.52
0.43000000000000005
0.39
0.45
0.45
0.35
0.42000000000000004
0.55
0.6699999999999999
0.65
0.6
0.47000000000000003
0.45
0.4
0.42000000000000004
0.4
0.44
0.54
0.53
0.58
0.55
0.55
0.51
0.38
0.4
0.49
0.47
0.56
0.5
0.5
0.5700000000000001
0.49
0.45
0.42000000000000004
0.46
0.49
0.45999999999999996
0.47000000000000003
0.45
0.4
0.59
0.62
0.48
0.49
0.5
0.44
0.47
0.5
0.48
0.47
0.5
0.46
0.53
0.47
0.54
0.5
0.47
0.46
0.36
0.56
0.47
0.55
0.49
0.49
0.54
0.43
0.47
0.49
0.39
0.32999999999999996
0.37
0.53
0.52
0.48
0.54
0.55
0.59
0.54
0.38
0.52
0.4
0.37
0.44
0.49
