0.56
0.6000000000000001
0.53
0.47
0.42000000000000004
0.51
0.43000000000000005
0.5800000000000001
0.49
0.43999999999999995
0.54
0.5700000000000001
0.6200000000000001
0.5
0.47
0.52
0.48
0.51
0.6
0.41
0.5700000000000001
0.6000000000000001
0.62
0.55
0.5900000000000001
0.55
0.49
0.46
0.42
0.42
0.48000000000000004
0.52
0.5800000000000001
0.55
0.6
0.51
0.5800000000000001
0.54
0.53
0.42
0.33999999999999997
0.51
0.51
0.59
0.6
0.63
0.48
0.4
0.39
0.37
0.49
0.39999999999999997
0.5800000000000001
0.5900000000000001
0.67
0.64
0.6
0.54
0.38
0.41
0.37
0.51
0.42000000000000004
0.49
0.64
0.7000000000000001
0.56
0.51
0.56
0.48
0.4
0.45
0.44
0.56
0.6100000000000001
0.67
0.6799999999999999
0.6599999999999999
0.64
0.44
0.36
0.39
0.39
0.5800000000000001
0.5599999999999999
0.63
0.64
0.62
0.6
0.5700000000000001
0.45
0.37
0.38
0.46
0.55
0.5900000000000001
0.72
0.74
0.7
0.5
0.47000000000000003
0.39
0.43000000000000005
0.38
0.42
0.51
0.6799999999999999
0.8
0.63
0.6499999999999999
0.5700000000000001
0.42000000000000004
0.37
0.34
0.33
0.51
0.71
0.7100000000000001
0.73
0.69
0.66
0.49
0.41000000000000003
0.31
0.36
0.44999999999999996
0.5599999999999999
0.65
0.78
0.73
0.6000000000000001
0.55
0.43
0.35000000000000003
0.33
0.41
0.5
0.55
0.75
0.75
0.73
0.65
0.49
0.38
0.35000000000000003
0.41000000000000003
0.4
0.47
0.67
0.74
0.72
0.76
0.61
0.55
0.41000000000000003
0.38
0.4
0.52
0.55
0.7
0.78
0.74
0.68
0.53
0.45
0.33
0.34
0.36
0.5
0.69
0.7
0.79
0.74
0.56
0.54
0.37
0.31
0.32999999999999996
0.45
0.51
0.74
0.78
0.8
0.74
0.49
0.4
0.33
0.36
0.36000000000000004
0.44000000000000006
0.55
0.73
0.75
0.74
0.5700000000000001
0.51
0.43
0.33
0.35000000000000003
0.45999999999999996
0.66
0.7
0.75
0.76
0.72
0.58
0.42
0.3
0.41000000000000003
0.28
0.53
0.61
0.6799999999999999
0.78
0.6900000000000001
0.61
0.53
0.37
0.33
0.35
0.48000000000000004
0.5700000000000001
0.62
0.74
0.6900000000000001
0.63
0.55
0.5
0.26
0.37
0.36
0.47
0.69
0.72
0.73
0.74
0.61
0.42
0.47000000000000003
0.45
0.32
0.43
0.51
0.5599999999999999
0.6799999999999999
0.75
0.66
0.54
0.37
0.44
0.37
0.36
0.47
0.6
0.6799999999999999
0.81
0.72
0.68
0.5
0.39999999999999997
0.33
0.42
0.48
0.44
0.5700000000000001
0.66
0.6799999999999999
0.62
0.51
0.5
0.45
0.34
0.43000000000000005
0.44
0.54
0.6699999999999999
0.6799999999999999
0.66
0.66
0.49
0.44
0.32
0.32
0.5
0.5700000000000001
0.54
0.6799999999999999
0.73
0.61
0.59
0.51
0.45999999999999996
0.36
0.37
0.52
0.48
0.63
0.6499999999999999
0.6
0.61
0.49
0.48
0.34
0.29
0.36
0.48
0.48
0.62
0.62
0.5900000000000001
0.5700000000000001
0.5800000000000001
0.43999999999999995
0.45999999999999996
0.43
0.4
0.51
0.63
0.59
0.65
0.6499999999999999
0.55
0.51
0.43000000000000005
0.43
0.49
0.53
0.42
0.6
0.52
0.65
0.54
0.49
0.41000000000000003
0.44999999999999996
0.57
0.47
0.47000000000000003
0.58
0.66
0.53
0.58
0.52
0.46
0.37
0.45
0.45999999999999996
0.37
0.51
0.48
0.58
0.6
0.6000000000000001
0.5900000000000001
0.48000000000000004
0.53
0.44
0.46
0.5
0.44999999999999996
0.46
0.48
0.54
0.6000000000000001
0.55
0.48
0.44999999999999996
0.42
0.5
0.53
0.47000000000000003
0.58
0.55
0.6
0.5700000000000001
0.53
0.48000000000000004
0.47
0.48000000000000004
0.42
0.5
0.48
0.47
0.55
0.6
0.48
0.5599999999999999
0.54
0.44999999999999996
0.44999999999999996
0.44
0.42
0.41000000000000003
0.55
0.63
0.52
0.51
0.51
0.5599999999999999
0.41
