0.5900000000000001
0.56
0.51
0.51
0.53
0.43
0.43
0.49
0.54
0.55
0.5
0.51
0.67
0.51
0.45999999999999996
0.49
0.45999999999999996
0.44
0.42
0.56
0.55
0.49
0.56
0.51
0.52
0.47000000000000003
0.48
0.53
0.43
0.55
0.44999999999999996
0.53
0.6399999999999999
0.52
0.57
0.5
0.49
0.52
0.47
0.41000000000000003
0.44999999999999996
0.5
0.58
0.62
0.6699999999999999
0.73
0.52
0.48000000000000004
0.43000000000000005
0.37
0.45999999999999996
0.54
0.53
0.6300000000000001
0.54
0.59
0.63
0.52
0.45
0.35000000000000003
0.45999999999999996
0.42
0.38
0.6000000000000001
0.62
0.56
0.54
0.5
0.54
0.37
0.48
0.28
0.44
0.64
0.64
0.5900000000000001
0.7
0.61
0.55
0.57
0.41000000000000003
0.38
0.32
0.45999999999999996
0.56
0.67
0.6599999999999999
0.6900000000000001
0.7
0.52
0.47
0.41
0.44
0.48
0.5900000000000001
0.5499999999999999
0.76
0.71
0.64
0.55
0.47000000000000003
0.41
0.32
0.32
0.48
0.5499999999999999
0.57
0.65
0.74
0.79
0.49
0.43
0.36
0.29000000000000004
0.33
0.5
0.6
0.71
0.79
0.7000000000000001
0.64
0.37
0.4
0.35
0.45
0.47
0.56
0.61
0.6699999999999999
0.79
0.62
0.56
0.45
0.36000000000000004
0.32
0.4
0.46
0.6699999999999999
0.75
0.79
0.63
0.63
0.47
0.38
0.30000000000000004
0.39
0.4
0.61
0.66
0.74
0.7899999999999999
0.64
0.55
0.5
0.45999999999999996
0.34
0.29000000000000004
0.44
0.62
0.71
0.8
0.78
0.63
0.49
0.5
0.35000000000000003
0.46
0.39
0.54
0.7000000000000001
0.8
0.76
0.82
0.59
0.45
0.3
0.25
0.32
0.49
0.64
0.7200000000000001
0.74
0.75
0.6000000000000001
0.51
0.45999999999999996
0.44
0.36000000000000004
0.4
0.54
0.6900000000000001
0.8
0.75
0.75
0.55
0.47
0.38
0.37
0.31999999999999995
0.41
0.63
0.67
0.7999999999999999
0.77
0.6799999999999999
0.59
0.5
0.32
0.36
0.43000000000000005
0.51
0.5700000000000001
0.74
0.78
0.71
0.5900000000000001
0.52
0.41
0.35
0.41
0.53
0.62
0.72
0.7
0.8
0.7
0.47
0.35
0.32
0.31
0.32
0.51
0.58
0.64
0.71
0.8
0.63
0.45
0.39
0.37
0.32
0.38
0.5900000000000001
0.67
0.75
0.73
0.77
0.48
0.41000000000000003
0.38
0.43
0.36
0.59
0.61
0.66
0.74
0.76
0.67
0.5800000000000001
0.36
0.33
0.38
0.37
0.48
0.6
0.71
0.7
0.6900000000000001
0.54
0.42
0.42
0.36
0.38
0.42000000000000004
0.61
0.66
0.7000000000000001
0.69
0.5700000000000001
0.56
0.48
0.39999999999999997
0.29
0.46
0.4
0.6200000000000001
0.6799999999999999
0.74
0.65
0.5700000000000001
0.53
0.43999999999999995
0.39
0.39
0.47
0.5
0.68
0.6
0.5700000000000001
0.56
0.53
0.44
0.38
0.33
0.42
0.46
0.54
0.52
0.61
0.55
0.47
0.51
0.41000000000000003
0.41
0.41
0.54
0.5599999999999999
0.56
0.5700000000000001
0.59
0.55
0.55
0.55
0.38
0.33
0.48
0.45999999999999996
0.54
0.56
0.57
0.58
0.63
0.42000000000000004
0.49
0.51
0.45
0.41
0.47
0.5700000000000001
0.55
0.6000000000000001
0.6100000000000001
0.6100000000000001
0.5900000000000001
0.47
0.47
0.42
0.37
0.48
0.51
0.53
0.56
0.5
0.6599999999999999
0.5800000000000001
0.5800000000000001
0.51
0.46
0.41000000000000003
0.44999999999999996
0.52
0.58
0.5700000000000001
0.5800000000000001
0.51
0.51
0.51
0.45999999999999996
0.52
0.48
0.53
0.58
0.5
0.6399999999999999
0.56
0.61
0.57
0.43
0.46
0.38
0.43000000000000005
0.43000000000000005
0.49
0.53
0.6200000000000001
0.6399999999999999
0.57
0.52
0.5
0.43
0.36
0.43
0.41000000000000003
0.51
0.5
0.5800000000000001
0.53
0.59
0.45999999999999996
0.45999999999999996
