0.4
0.46
0.47000000000000003
0.53
0.52
0.54
0.53
0.5800000000000001
0.56
0.48
0.37
0.37
0.35
0.51
0.44
0.49
0.55
0.48
0.48
0.49
0.48
0.47
0.48
0.5700000000000001
0.5
0.45
0.52
0.48
0.61
0.38
0.53
0.42
0.49
0.48
0.38
0.39
0.53
0.52
0.51
0.56
0.51
0.45999999999999996
0.44
0.35
0.38
0.43999999999999995
0.48
0.51
0.6
0.6000000000000001
0.64
0.51
0.41000000000000003
0.4
0.51
0.36
0.41
0.54
0.51
0.6000000000000001
0.54
0.5700000000000001
0.64
0.45
0.37
0.44
0.43000000000000005
0.45
0.54
0.56
0.55
0.6599999999999999
0.54
0.51
0.35
0.38
0.35
0.33999999999999997
0.37
0.52
0.6499999999999999
0.65
0.51
0.6
0.43000000000000005
0.32999999999999996
0.36
0.31
0.46
0.45999999999999996
0.55
0.59
0.62
0.47
0.56
0.41000000000000003
0.35
0.25
0.33
0.38
0.51
0.63
0.74
0.5900000000000001
0.59
0.41000000000000003
0.30000000000000004
0.34
0.26
0.32
0.49
0.49
0.6
0.69
0.56
0.5900000000000001
0.31
0.31
0.22999999999999998
0.26
0.37
0.49
0.5900000000000001
0.6499999999999999
0.72
0.53
0.49
0.30000000000000004
0.23
0.29000000000000004
0.30000000000000004
0.43
0.57
0.66
0.68
0.64
0.53
0.37
0.34
0.28
0.34
0.37
0.5
0.5599999999999999
0.62
0.5900000000000001
0.49
0.41000000000000003
0.38
0.24
0.19
0.22000000000000003
0.31
0.53
0.72
0.6699999999999999
0.67
0.5
0.37
0.33999999999999997
0.25
0.32999999999999996
0.31999999999999995
0.48000000000000004
0.61
0.59
0.5800000000000001
0.61
0.43000000000000005
0.43000000000000005
0.29000000000000004
0.22000000000000003
0.19
0.39
0.47
0.62
0.67
0.63
0.56
0.41000000000000003
0.3
0.29000000000000004
0.3
0.35
0.39
0.6
0.68
0.6000000000000001
0.62
0.53
0.34
0.19
0.25
0.18
0.38
0.55
0.63
0.72
0.65
0.51
0.41
0.31999999999999995
0.21000000000000002
0.22999999999999998
0.35000000000000003
0.41000000000000003
0.46
0.7200000000000001
0.61
0.58
0.52
0.37
0.29
0.14
0.30000000000000004
0.36
0.5
0.65
0.67
0.61
0.61
0.43
0.32
0.29
0.27999999999999997
0.18
0.39
0.54
0.66
0.6100000000000001
0.64
0.42000000000000004
0.39
0.22
0.2
0.27
0.33999999999999997
0.41
0.6599999999999999
0.61
0.6
0.6200000000000001
0.44
0.4
0.29
0.23
0.33
0.46
0.62
0.6499999999999999
0.6300000000000001
0.5700000000000001
0.45999999999999996
0.38999999999999996
0.23
0.23
0.29
0.36
0.45999999999999996
0.55
0.55
0.59
0.5700000000000001
0.44
0.35000000000000003
0.33
0.26
0.32
0.44000000000000006
0.55
0.52
0.59
0.55
0.52
0.53
0.34
0.29000000000000004
0.24
0.35
0.51
0.5700000000000001
0.63
0.5800000000000001
0.55
0.59
0.46
0.3
0.35000000000000003
0.29000000000000004
0.45
0.54
0.6
0.62
0.59
0.49
0.43
0.38
0.37
0.3
0.41000000000000003
0.48
0.5700000000000001
0.5800000000000001
0.57
0.62
0.5
0.38
0.43
0.35
0.4
0.49
0.61
0.5700000000000001
0.61
0.54
0.45
0.53
0.4
0.42
0.38
0.43999999999999995
0.48
0.52
0.5900000000000001
0.63
0.5700000000000001
0.56
0.48
0.39
0.35
0.32
0.43
0.43
0.5700000000000001
0.53
0.56
0.52
0.55
0.47000000000000003
0.44999999999999996
0.46
0.47000000000000003
0.45
0.54
0.5800000000000001
0.51
0.5
0.74
0.44999999999999996
0.41000000000000003
0.46
0.42000000000000004
0.45
0.46
0.55
0.49
0.56
0.5800000000000001
0.45
0.52
0.54
0.5900000000000001
0.44999999999999996
0.42000000000000004
0.45
0.49
0.52
0.52
0.54
0.51
0.5
0.47000000000000003
0.44999999999999996
0.52
0.48
0.49
0.5
0.47000000000000003
0.54
0.65
0.6200000000000001
0.5
0.44000000000000006
0.47
0.48000000000000004
0.44
0.35
0.44
0.45
0.53
0.55
0.62
0.53
0.49
0.44
0.41000000000000003
0.33
0.48
0.45
0.62
