0.5327
0.4884
0.3704
0.2172
0.0961
0.0527
0.1073
0.2451
0.3959
0.511
0.546
0.4798
0.3517
0.1928
0.0791
0.0533
0.1286
0.2572
0.4097
0.5099
0.5217
0.4533
0.3086
0.1709
0.0677
0.0609
0.1466
0.2764
0.422
0.5144
0.5193
0.4337
0.2916
0.1418
0.0538
0.0696
0.1536
0.2983
0.4328
0.5119
0.4972
0.4085
0.2661
0.1286
0.0516
0.07
0.1732
0.3216
0.4526
0.5173
0.4863
0.38
0.2431
0.1129
0.0458
0.0794
0.1825
0.3284
0.4508
0.5096
0.481
0.374
0.2266
0.0988
0.0466
0.0891
0.2204
0.3603
0.4865
0.529
0.4837
0.3495
0.2031
0.0865
0.0477
0.1047
0.2269
0.3726
0.4921
0.5326
0.4719
0.3461
0.1941
0.0859
0.0595
0.1253
0.2619
0.4103
0.5093
0.5291
0.4607
0.3238
0.1611
0.0651
0.062
0.1418
0.2848
0.4189
0.521
0.5351
0.452
0.3019
0.1475
0.064
0.0726
0.1678
0.3206
0.4494
0.5407
0.514
0.4201
0.262
0.1252
0.0543
0.0729
0.1834
0.3384
0.4682
0.5427
0.5093
0.3964
0.2457
0.1071
0.0562
0.089
0.2058
0.3564
0.4844
0.532
0.4903
0.3601
0.2075
0.0934
0.0489
0.1021
0.2186
0.3681
0.4892
0.525
0.4718
0.3499
0.1879
0.078
0.0516
0.11
0.2381
0.3955
0.4951
0.5195
0.4458
0.3189
0.168
0.0707
0.0491
0.129
0.2485
0.4067
0.4994
0.5158
0.4394
0.3049
0.1581
0.0586
0.0591
0.1382
0.2818
0.4129
0.5113
0.5116
0.4184
0.2792
0.1398
0.0564
0.0628
0.1643
0.3072
0.449
0.5255
0.5218
0.4119
0.2593
0.1276
0.0582
0.0742
0.1803
0.3301
0.476
0.5379
0.5094
0.3943
0.2396
0.1092
0.055
0.0866
0.2064
0.3644
0.4999
0.5488
0.5038
0.3686
0.2158
0.0988
0.0507
0.107
0.2366
0.3915
0.5059
0.5347
0.4779
0.3598
0.1911
0.0848
0.0556
0.1255
0.2623
0.4144
0.5191
0.547
0.4651
0.318
0.168
0.068
0.0557
0.1405
0.2736
0.4243
0.5172
0.5233
0.4358
0.2963
0.1448
0.0557
0.0587
0.1535
0.2972
0.4533
0.5315
0.5197
0.4233
0.2601
0.1243
0.0455
0.0702
0.1695
0.3152
0.4428
0.5148
0.4954
0.3899
0.2358
0.1026
0.0472
0.073
0.1827
0.3327
0.4599
0.5287
0.4841
0.3712
0.222
0.0935
0.046
0.0898
0.2024
0.358
0.4766
0.5206
0.4781
0.3533
0.2047
0.0881
0.0504
0.1047
0.2327
0.3921
0.5119
0.5227
0.4647
0.3338
0.1807
0.0723
0.05
0.1151
0.2524
0.4008
0.5124
0.5352
0.4581
0.3087
0.1726
0.0725
0.0629
0.136
0.2882
0.4329
0.5444
0.5329
0.44
0.2852
0.1459
0.0596
0.0697
0.1582
0.3075
0.4599
0.5317
0.5305
0.4222
0.2694
0.1271
0.0549
0.0802
0.1874
0.3516
0.4738
0.5435
0.5095
0.3754
0.244
0.1048
0.0492
0.0815
0.2019
0.3542
0.492
0.5481
0.5005
0.375
0.2166
0.0966
0.0471
0.1036
0.2285
0.3756
0.4991
0.527
0.4693
0.3309
0.1859
0.0814
0.0498
0.1046
0.2383
0.3912
0.4981
0.5211
0.4584
0.3154
0.1727
0.0663
0.0516
0.1276
0.2655
0.4143
0.4961
0.5049
0.4288
0.2845
0.1455
0.0554
0.0539
0.1361
0.2835
0.418
0.5157
0.5219
0.4236
0.2774
0.1411
0.054
0.0646
0.1626
0.3021
0.4431
0.514
0.5013
0.4032
0.2538
0.1227
0.0542
0.072
0.1741
0.3362
0.4761
0.5313
0.5033
0.3988
0.243
0.1127
0.0508
0.0889
0.2048
0.3642
0.4879
0.5319
0.4905
0.3635
0.2187
0.0976
0.0553
