0.4802
0.3989
0.2517
0.1441
0.173
0.3177
0.45
0.4693
0.3655
0.2054
0.1354
0.1929
0.3433
0.4766
0.4834
0.3553
0.1878
0.128
0.2224
0.3759
0.4849
0.4414
0.3047
0.1755
0.1513
0.2583
0.4038
0.4652
0.3912
0.2478
0.1456
0.1782
0.3149
0.4483
0.4711
0.3654
0.2055
0.1265
0.2019
0.3578
0.491
0.4822
0.333
0.1821
0.1327
0.22
0.3891
0.4678
0.4458
0.2995
0.1664
0.1478
0.2688
0.4159
0.4667
0.3855
0.2411
0.1449
0.1755
0.3241
0.4612
0.4752
0.3604
0.2022
0.1265
0.2052
0.364
0.4901
0.4688
0.327
0.1724
0.125
0.2204
0.3915
0.481
0.4306
0.2825
0.1603
0.1569
0.2758
0.412
0.463
0.3751
0.2387
0.1477
0.1849
0.3319
0.4644
0.4711
0.3408
0.1916
0.1262
0.2121
0.3761
0.4874
0.4612
0.3136
0.1724
0.1359
0.231
0.3962
0.4814
0.4297
0.2821
0.1511
0.1575
0.2796
0.4266
0.4587
0.3675
0.2187
0.1442
0.1974
0.3357
0.4596
0.4601
0.3388
0.1822
0.128
0.2125
0.3758
0.492
0.4584
0.3198
0.1622
0.1322
0.2442
0.4128
0.4918
0.4225
0.2708
0.1545
0.165
0.2882
0.4215
0.4738
0.3638
0.2288
0.1413
0.1937
0.3406
0.465
0.4587
0.3356
0.1845
0.1292
0.2318
0.3845
0.479
0.4532
0.3038
0.1593
0.1346
0.2555
0.4157
0.4832
0.4205
0.2613
0.157
0.1646
0.2908
0.4288
0.4556
0.3571
0.2182
0.1408
0.1986
0.3509
0.4607
0.4587
0.3321
0.1804
0.1358
0.2208
0.3883
0.4873
0.4556
0.3029
0.1512
0.1399
0.2516
0.4142
0.4797
0.4113
0.2635
0.158
0.1685
0.2894
0.4331
0.4545
0.3605
0.2163
0.1395
0.203
0.3529
0.4637
0.4613
0.3165
0.1743
0.1397
0.2361
0.399
0.4948
0.4464
0.2861
0.1566
0.144
0.259
0.4038
0.4819
0.4151
0.2466
0.1458
0.1643
0.3053
0.441
0.4652
0.3441
0.2087
0.1411
0.2043
0.3659
0.4688
0.4565
0.3192
0.1692
0.1319
0.2452
0.4131
0.4967
0.4457
0.2862
0.1499
0.142
0.2657
0.4239
0.4768
0.4003
0.2431
0.14
0.1762
0.3129
0.4413
0.4534
0.3509
0.1967
0.1421
0.2142
0.3696
0.4758
0.4554
0.3026
0.1582
0.1385
0.2545
0.4187
0.4968
0.437
0.275
0.1497
0.1506
0.2796
0.4313
0.4838
0.4022
0.2479
0.1427
0.1728
0.3269
0.4474
0.461
0.3382
0.1966
0.135
0.2271
0.3835
0.4756
0.4415
0.2941
0.1552
0.1367
0.2625
0.4141
0.4976
0.4255
0.2711
0.1418
0.1467
0.2852
0.4415
0.4795
0.3878
0.2355
0.1378
0.1934
0.3289
0.4488
0.4509
0.3299
0.1877
0.1427
0.2364
0.3873
0.4747
0.433
0.2907
0.1611
0.1429
0.2705
0.4248
0.4875
0.4227
0.2504
0.1434
0.1499
0.2944
0.4303
0.4801
0.3866
0.2234
0.1383
0.198
0.3435
0.4539
0.4413
0.3307
0.187
0.1455
0.2422
0.3931
0.4767
0.4333
0.2856
0.1505
0.1433
0.2606
0.4351
0.5024
0.4155
0.2578
0.1342
0.1615
0.3008
0.4471
0.4765
0.3743
0.2237
0.1427
0.1881
0.3404
0.4543
0.4442
0.3266
0.1777
0.1387
0.2503
0.3986
0.4834
0.4208
0.2769
0.1441
0.1491
0.284
0.4373
0.4972
0.4128
0.247
0.1372
0.1646
0.3044
0.4635
0.4796
0.3773
0.2152
0.1354
0.2025
0.3536
0.4607
0.4293
0.3116
0.1815
0.1426
0.2486
0.4025
0.4826
0.4263
0.2713
0.1405
0.1509
0.2846
0.4454
0.5009
0.406
0.2322
0.1303
0.1664
0.3229
0.4533
0.48
0.3707
