0.2898
0.1819
0.0239
0.036
0.2048
0.2865
0.1635
0.0115
0.0528
0.2215
0.2875
0.1431
0.0062
0.0662
0.2398
0.2722
0.1204
0.001
0.0919
0.2525
0.2636
0.1001
0.0011
0.1145
0.2743
0.2464
0.0779
0.0039
0.129
0.2829
0.2384
0.0593
0.0082
0.1512
0.2794
0.206
0.036
0.0206
0.1756
0.2953
0.1954
0.028
0.0291
0.205
0.292
0.1825
0.0175
0.0442
0.2172
0.2852
0.1457
0.01
0.0642
0.234
0.2755
0.1223
0.003
0.0801
0.2546
0.2635
0.1091
0.0008
0.1011
0.2724
0.2608
0.0868
0.0013
0.1197
0.2727
0.231
0.0664
0.0065
0.1451
0.2775
0.2211
0.0453
0.0165
0.1726
0.2924
0.2174
0.0347
0.0266
0.1916
0.294
0.1888
0.0238
0.0373
0.2075
0.2812
0.1501
0.0125
0.0541
0.2265
0.2826
0.132
0.0036
0.0742
0.2498
0.2724
0.1186
0.0011
0.0931
0.2649
0.2624
0.0923
0.0015
0.1088
0.2643
0.2367
0.0673
0.0054
0.141
0.2846
0.2304
0.0556
0.0112
0.1706
0.2862
0.2153
0.0417
0.0198
0.183
0.2848
0.1903
0.0251
0.0334
0.1968
0.2927
0.1618
0.0151
0.0455
0.2291
0.2786
0.1525
0.0071
0.0692
0.2417
0.2738
0.1266
0.0024
0.0851
0.2521
0.2615
0.1058
0.0007
0.1049
0.2682
0.2533
0.0827
0.0026
0.1276
0.2762
0.2409
0.0679
0.009
0.1424
0.2854
0.2202
0.0468
0.0176
0.1735
0.2879
0.1983
0.0317
0.0283
0.1983
0.2903
0.1862
0.0189
0.0439
0.2061
0.2824
0.1516
0.0108
0.0588
0.2386
0.2743
0.1316
0.0022
0.0759
0.254
0.2701
0.1101
0.0009
0.1017
0.2699
0.2585
0.094
0.0012
0.1163
0.2663
0.2488
0.0718
0.0053
0.1385
0.2785
0.2181
0.0543
0.0127
0.166
0.3023
0.2154
0.04
0.0239
0.1833
0.2925
0.19
0.0259
0.0346
0.2064
0.2864
0.1632
0.0123
0.0503
0.2143
0.279
0.143
0.006
0.0731
0.249
0.2841
0.1215
0.0025
0.0898
0.2611
0.2593
0.1004
0.0005
0.1007
0.2664
0.2498
0.0729
0.0028
0.1322
0.273
0.2327
0.0592
0.0117
0.1583
0.2931
0.2191
0.0443
0.0174
0.1748
0.2945
0.1958
0.0301
0.029
0.1915
0.2838
0.1677
0.017
0.0421
0.2157
0.2854
0.1508
0.0063
0.0622
0.243
0.2851
0.1295
0.0034
0.0836
0.2553
0.2663
0.1116
0.0006
0.096
0.2609
0.25
0.085
0.0018
0.1194
0.2797
0.2428
0.0699
0.007
0.1457
0.288
0.2267
0.05
0.0135
0.1699
0.2835
0.2017
0.0311
0.0245
0.1856
0.2868
0.1782
0.0221
0.0408
0.2151
0.291
0.1622
0.0128
0.0548
0.2335
0.2843
0.1356
0.0041
0.0666
0.2462
0.2715
0.1217
0.0016
0.0878
0.2622
0.263
0.0941
0.0008
0.1108
0.2644
0.2389
0.0758
0.0034
0.1383
0.2719
0.2293
0.053
0.012
0.1606
0.2827
0.2076
0.0421
0.0194
0.1787
0.3015
0.1987
0.0252
0.0289
0.1982
0.2879
0.1672
0.0126
0.0484
0.225
0.2831
0.1499
0.0048
0.0709
0.2339
0.2814
0.1208
0.0024
0.0867
0.2507
0.2693
0.1018
0.0002
0.0975
0.2666
0.244
0.079
0.0018
0.1259
0.2756
0.2322
0.0638
0.009
0.1547
0.2931
0.2153
0.0503
0.0172
0.1684
0.2851
0.2014
0.0332
0.0247
0.1848
0.2809
0.1747
0.0193
0.0415
0.2071
0.2812
0.1557
0.0081
0.0616
0.2392
0.2902
0.143
0.0048
0.0746
0.2461
0.2768
0.1161
0.0012
0.0923
0.2501
0.2505
0.0914
0.0012
0.1206
0.2725
0.2505
0.0736
0.0059
0.1397
