0.0835
0.0762
0.0614
0.0528
0.0506
0.0571
0.0779
0.0858
0.0871
0.0759
0.0647
0.0513
0.0487
0.0513
0.0568
0.0743
0.0824
0.0865
0.086
0.0808
0.0584
0.0419
0.0387
0.0442
0.0672
0.1002
0.1135
0.1097
0.0864
0.0531
0.0342
0.0311
0.0439
0.0801
0.1075
0.1147
0.104
0.0884
0.0592
0.0369
0.0287
0.0392
0.0586
0.0896
0.1117
0.1176
0.105
0.0822
0.0499
0.0268
0.025
0.0512
0.0891
0.1212
0.1337
0.111
0.0851
0.0515
0.0268
0.0275
0.0491
0.0801
0.1083
0.1173
0.1085
0.0898
0.0603
0.0397
0.0302
0.0362
0.0621
0.0852
0.1098
0.1141
0.1007
0.0733
0.0443
0.0297
0.0359
0.0586
0.0877
0.1
0.1039
0.0875
0.0695
0.0525
0.0412
0.0501
0.0606
0.0763
0.0842
0.0787
0.0777
0.0677
0.0631
0.0532
0.0568
0.0618
0.0676
0.074
0.0756
0.0714
0.0638
0.0564
0.0512
0.0576
0.0754
0.0841
0.084
0.0789
0.0578
0.0454
0.0467
0.0621
0.0765
0.091
0.0977
0.0833
0.0637
0.0442
0.0425
0.0492
0.064
0.0805
0.0874
0.0943
0.0906
0.0724
0.0542
0.0358
0.0333
0.0475
0.0699
0.1021
0.1193
0.1186
0.0891
0.061
0.0281
0.0233
0.0443
0.081
0.1112
0.1203
0.1078
0.0887
0.0567
0.0362
0.0298
0.0386
0.0558
0.0875
0.1103
0.1188
0.1086
0.0884
0.0485
0.025
0.0267
0.0483
0.0903
0.1249
0.133
0.1153
0.0808
0.0461
0.0285
0.0282
0.0555
0.0778
0.1
0.1147
0.1025
0.0897
0.0609
0.044
0.0348
0.0404
0.0568
0.0821
0.103
0.1096
0.0967
0.0679
0.0425
0.0315
0.0443
0.0616
0.0815
0.099
0.0891
0.0776
0.0589
0.0494
0.0508
0.0605
0.0716
0.0712
0.0736
0.0719
0.0641
0.0653
0.0581
0.0638
0.0636
0.0662
0.069
0.0741
0.0706
0.0612
0.0545
0.0499
0.0572
0.0736
0.0859
0.0889
0.0877
0.066
0.0476
0.0399
0.0473
0.0687
0.0882
0.1048
0.0957
0.0821
0.0619
0.041
0.0378
0.046
0.0624
0.0817
0.0999
0.1087
0.1011
0.0769
0.0519
0.0341
0.0283
0.047
0.0748
0.1075
0.1207
0.1159
0.0878
0.054
0.0308
0.0253
0.0449
0.0796
0.1122
0.1214
0.1155
0.0934
0.0638
0.0368
0.026
0.0388
0.0593
0.0925
0.1162
0.1184
0.1122
0.0785
0.047
0.028
0.0279
0.0501
0.085
0.1198
0.1326
0.1149
0.083
0.0501
0.0326
0.0326
0.0546
0.0744
0.0967
0.1008
0.0952
0.0736
0.0615
0.0481
0.0409
0.0424
0.0632
0.0793
0.0932
0.0977
0.0841
0.0644
0.0475
0.0406
0.045
0.0699
0.0833
0.0891
0.0814
0.0685
0.0533
0.0522
0.0555
0.0674
0.075
0.0764
0.0699
0.058
0.0541
0.0566
0.0614
0.0676
0.0699
0.0713
0.0742
0.0741
0.0658
0.0571
0.0477
0.0435
0.0596
0.0787
0.0961
0.102
0.0918
0.0601
0.0385
0.0288
0.0426
0.0695
0.0978
0.1123
0.1102
0.0885
0.0605
0.0403
0.0352
0.0426
0.0596
0.0773
0.1081
0.1155
0.1022
0.0805
0.0539
0.0291
0.0283
0.0478
0.0821
0.113
0.1286
0.1183
0.0911
0.0528
0.026
0.0248
0.0471
0.0779
0.1149
0.1289
0.1147
0.094
0.069
0.0401
0.0293
0.0356
0.0591
0.0874
0.1167
0.1189
0.1071
0.0771
0.0496
0.029
0.0337
0.0533
0.0873
0.1169
0.1121
0.1018
0.0734
0.0473
0.0344
0.038
0.0543
0.0735
0.0907
0.0936
0.09
0.0763
0.0618
0.0476
0.0452
0.0522
0.0623
0.077
0.0868
0.0868
0.0738
0.0605
