0.2336
0.216
0.1751
0.1244
0.0933
0.084
0.1114
0.1461
0.1743
0.1939
0.1866
0.1535
0.1096
0.0812
0.0608
0.069
0.0977
0.1366
0.1605
0.1667
0.1412
0.104
0.0711
0.0463
0.0474
0.0686
0.0955
0.1141
0.1145
0.1
0.0688
0.0373
0.0166
0.0109
0.0197
0.0348
0.0515
0.0545
0.0464
0.0336
0.0188
0.0062
0.0
0.0026
0.0115
0.0226
0.0271
0.0236
0.0132
0.0059
0.0023
0.0054
0.0121
0.02
0.0176
0.0129
0.0032
0.0
0.0058
0.0177
0.0346
0.0459
0.0456
0.0396
0.027
0.0106
0.0065
0.0159
0.0353
0.0603
0.0816
0.0878
0.0775
0.0599
0.0396
0.0268
0.0332
0.0616
0.1049
0.1399
0.1571
0.1552
0.1261
0.0901
0.0665
0.0647
0.0912
0.1358
0.1716
0.1927
0.1859
0.1593
0.1122
0.0868
0.0665
0.0867
0.1286
0.1648
0.1962
0.2103
0.1958
0.1525
0.1081
0.0923
0.0945
0.1296
0.169
0.2102
0.2213
0.2127
0.1627
0.121
0.0842
0.0773
0.0913
0.1283
0.1535
0.17
0.1573
0.129
0.0916
0.0625
0.0442
0.0518
0.0783
0.104
0.1332
0.1325
0.1157
0.0809
0.0481
0.0281
0.028
0.0416
0.0627
0.0782
0.078
0.0636
0.0436
0.0181
0.0038
0.0017
0.0097
0.0173
0.0316
0.0281
0.025
0.0174
0.0077
0.0032
0.0027
0.0053
0.0101
0.0115
0.0108
0.0081
0.003
0.0033
0.0083
0.0233
0.0321
0.0336
0.0261
0.02
0.006
0.0041
0.0147
0.0388
0.0638
0.0807
0.0763
0.0636
0.0442
0.0238
0.02
0.0307
0.0593
0.0907
0.114
0.121
0.1129
0.081
0.0608
0.0418
0.057
0.0868
0.1307
0.1668
0.1894
0.1737
0.1458
0.1153
0.0849
0.0835
0.1051
0.1465
0.1891
0.2064
0.1993
0.1772
0.1243
0.0889
0.0777
0.087
0.1219
0.1711
0.2045
0.2178
0.1867
0.1517
0.1151
0.0891
0.0862
0.1165
0.1575
0.1974
0.2054
0.1865
0.151
0.1045
0.0693
0.0595
0.0728
0.0947
0.1307
0.1406
0.137
0.1076
0.0726
0.041
0.0257
0.0357
0.0514
0.0829
0.0975
0.0928
0.0838
0.0559
0.0272
0.0097
0.0111
0.027
0.039
0.0483
0.0486
0.0358
0.0223
0.0069
0.0004
0.0016
0.007
0.0125
0.0135
0.0102
0.007
0.0047
0.0066
0.0081
0.0135
0.02
0.0191
0.0143
0.0073
0.0009
0.0006
0.0103
0.0251
0.0459
0.0597
0.0619
0.0486
0.0339
0.0183
0.0158
0.0349
0.0622
0.0941
0.1203
0.1119
0.0905
0.0662
0.0419
0.0332
0.05
0.0838
0.1136
0.1481
0.1562
0.1465
0.1146
0.087
0.0654
0.0712
0.1016
0.1477
0.1903
0.2166
0.204
0.1741
0.1292
0.0976
0.084
0.1125
0.1428
0.1861
0.2102
0.2057
0.1768
0.134
0.0922
0.0766
0.0871
0.1208
0.1631
0.1921
0.201
0.1841
0.1456
0.1001
0.0778
0.0735
0.1004
0.1311
0.1693
0.1678
0.1597
0.1163
0.078
0.0511
0.037
0.0477
0.0709
0.0969
0.1139
0.1021
0.074
0.0499
0.0265
0.0114
0.0165
0.0314
0.0481
0.0657
0.069
0.0476
0.0279
0.012
0.003
0.0027
0.0139
0.0229
0.029
0.0254
0.0159
0.0058
0.0025
0.0064
0.0117
0.0167
0.0151
0.0099
0.004
0.0002
0.0024
0.0114
0.0233
0.0326
0.0423
0.0386
0.026
0.0153
0.0041
0.0073
0.0201
0.051
0.0713
0.0899
0.0945
0.0815
0.055
0.0345
0.0342
0.0588
0.0901
0.1274
0.148
0.1459
0.1185
0.0891
0.0607
0.0521
0.0654
0.0923
0.141
0.1693
0.183
0.1718
0.1433
0.0957
0.0785
