0.0879
0.0771
0.0512
0.0271
0.0099
0.0134
0.0292
0.0524
0.0635
0.0612
0.0502
0.03
0.0149
0.0059
0.0066
0.0216
0.0417
0.0692
0.0873
0.0754
0.0574
0.0327
0.019
0.0227
0.048
0.0783
0.0982
0.095
0.073
0.0497
0.0225
0.0129
0.0169
0.0308
0.0535
0.0685
0.0795
0.0672
0.0548
0.0359
0.0197
0.027
0.0455
0.0788
0.1104
0.1225
0.1083
0.0739
0.0443
0.026
0.0289
0.0529
0.076
0.0906
0.0861
0.0724
0.0498
0.0283
0.0122
0.0135
0.0291
0.0559
0.0844
0.103
0.0995
0.0768
0.0488
0.0302
0.0302
0.043
0.0771
0.1015
0.0996
0.0847
0.0601
0.0253
0.0115
0.015
0.0258
0.0443
0.0569
0.0645
0.0639
0.0463
0.0271
0.0132
0.0108
0.026
0.0485
0.0752
0.0887
0.0812
0.0606
0.0309
0.0158
0.0186
0.0355
0.0594
0.0707
0.0678
0.045
0.026
0.0126
0.0026
0.0065
0.0166
0.0371
0.0526
0.0601
0.0614
0.0466
0.023
0.012
0.0192
0.039
0.0669
0.0923
0.0918
0.068
0.0417
0.0245
0.0141
0.021
0.0431
0.0574
0.0721
0.0688
0.0531
0.0332
0.0159
0.0095
0.0156
0.0353
0.0644
0.0938
0.105
0.0968
0.0643
0.0408
0.0257
0.036
0.0615
0.0898
0.1066
0.1003
0.0804
0.0443
0.0241
0.014
0.0188
0.0362
0.0608
0.0782
0.0905
0.0801
0.0682
0.037
0.0245
0.0293
0.0564
0.0841
0.1085
0.1167
0.0945
0.0629
0.0338
0.0203
0.0246
0.0403
0.0617
0.0748
0.0783
0.0637
0.0473
0.0243
0.0124
0.0122
0.0323
0.0573
0.0816
0.0994
0.088
0.0636
0.037
0.0166
0.0219
0.0425
0.0665
0.0787
0.0743
0.0535
0.0314
0.0131
0.0051
0.0083
0.0205
0.0382
0.0504
0.059
0.0589
0.037
0.0219
0.0111
0.016
0.0338
0.0637
0.0816
0.0821
0.0641
0.0414
0.0169
0.0112
0.0213
0.0429
0.0617
0.063
0.0583
0.0411
0.0226
0.0101
0.004
0.0115
0.0278
0.0577
0.076
0.0857
0.0741
0.0549
0.0252
0.0223
0.031
0.061
0.0937
0.1069
0.0975
0.0709
0.0403
0.0196
0.0142
0.0274
0.046
0.0595
0.0804
0.0725
0.0653
0.0431
0.0268
0.0186
0.0296
0.0586
0.0853
0.1124
0.1168
0.0986
0.0653
0.0387
0.0277
0.0387
0.0657
0.09
0.0953
0.0834
0.0678
0.043
0.0178
0.0112
0.0177
0.0354
0.0607
0.0858
0.0939
0.0831
0.0641
0.0378
0.0199
0.0312
0.0553
0.0799
0.1033
0.0979
0.0751
0.044
0.0168
0.0102
0.0155
0.0315
0.0527
0.0593
0.0614
0.0488
0.0345
0.0183
0.0084
0.0132
0.0268
0.056
0.0773
0.0809
0.0665
0.0405
0.0177
0.0128
0.0212
0.0469
0.0611
0.0655
0.0621
0.0394
0.0246
0.0061
0.0046
0.0116
0.028
0.0461
0.0626
0.0622
0.0528
0.0374
0.0174
0.0113
0.0244
0.0525
0.079
0.0975
0.0848
0.0634
0.0299
0.0172
0.017
0.031
0.0549
0.066
0.0689
0.0622
0.0482
0.029
0.0126
0.0116
0.0246
0.0496
0.0783
0.0956
0.1064
0.0826
0.0537
0.0299
0.0286
0.0504
0.0736
0.0961
0.1026
0.0852
0.0679
0.0387
0.0162
0.0153
0.0234
0.0419
0.0668
0.0861
0.0879
0.0772
0.0567
0.035
0.0254
0.036
0.065
0.1
0.1159
0.111
0.0878
0.0536
0.0277
0.0184
0.0316
0.0518
0.0664
0.0741
0.0739
0.0489
0.0326
0.0164
0.0071
0.0161
0.0338
0.0598
0.0813
0.0892
0.0769
0.0494
0.0251
0.018
0.0244
0.0514
0.0759
0.0835
0.0712
0.0478
0.0203
0.0068
