0.0608
0.0907
0.1356
0.1742
0.1587
0.105
0.0567
0.0541
0.0976
0.1492
0.1545
0.11
0.0674
0.0477
0.0834
0.1469
0.1735
0.1513
0.102
0.0694
0.0848
0.1312
0.1863
0.1855
0.1346
0.0778
0.0645
0.0961
0.148
0.1795
0.1588
0.0945
0.0657
0.0835
0.1397
0.1867
0.1803
0.1282
0.0799
0.0817
0.1304
0.1933
0.2008
0.1861
0.1174
0.0793
0.1032
0.1721
0.2185
0.2073
0.1529
0.0943
0.0926
0.1364
0.2012
0.2174
0.1822
0.1165
0.0856
0.1175
0.1771
0.2263
0.2022
0.1465
0.107
0.1017
0.1643
0.2281
0.24
0.1988
0.132
0.1071
0.1404
0.2055
0.2508
0.2273
0.1569
0.1053
0.0997
0.1488
0.2096
0.2146
0.1792
0.1111
0.0796
0.1196
0.1893
0.2319
0.2209
0.1536
0.1084
0.1111
0.1793
0.2365
0.2479
0.2017
0.1276
0.0922
0.1175
0.1778
0.2045
0.1911
0.1306
0.0758
0.0857
0.131
0.1916
0.1988
0.1545
0.1004
0.086
0.1279
0.188
0.2252
0.1997
0.1308
0.0835
0.0924
0.1421
0.189
0.186
0.1406
0.0793
0.0605
0.0927
0.1452
0.1783
0.1478
0.0989
0.0627
0.0821
0.1312
0.1752
0.1771
0.1229
0.074
0.0671
0.1053
0.1543
0.1742
0.1427
0.0865
0.054
0.0728
0.1234
0.1639
0.1479
0.1042
0.0554
0.051
0.1032
0.1482
0.1538
0.1265
0.0751
0.0479
0.0836
0.1355
0.1679
0.149
0.0975
0.0616
0.0678
0.1154
0.1685
0.1776
0.1262
0.071
0.0586
0.0858
0.1464
0.1756
0.1392
0.0852
0.053
0.0688
0.1235
0.1601
0.1657
0.1231
0.0768
0.0706
0.1186
0.1774
0.1974
0.1648
0.1145
0.0753
0.0944
0.1581
0.1912
0.1893
0.131
0.0811
0.0687
0.1089
0.1694
0.191
0.1568
0.0994
0.0751
0.112
0.188
0.2263
0.2159
0.1551
0.1011
0.1086
0.1529
0.2192
0.2373
0.1934
0.1137
0.0834
0.1076
0.172
0.2075
0.1912
0.1356
0.0838
0.0948
0.1585
0.2278
0.2312
0.1963
0.1254
0.1009
0.1419
0.2122
0.2477
0.2257
0.1651
0.1037
0.1044
0.1638
0.2176
0.2242
0.1788
0.1089
0.0841
0.1217
0.1909
0.2253
0.2057
0.143
0.0999
0.1074
0.1586
0.2211
0.2256
0.1764
0.1124
0.0893
0.1331
0.1883
0.2232
0.2033
0.1356
0.0832
0.0934
0.1447
0.2
0.2093
0.1535
0.0949
0.0725
0.1054
0.1684
0.1907
0.1662
0.1123
0.0696
0.0884
0.1343
0.1975
0.1879
0.1474
0.0867
0.0734
0.1138
0.1737
0.1924
0.1623
0.0997
0.0627
0.0721
0.121
0.1597
0.1528
0.1022
0.054
0.0524
0.0982
0.1548
0.1677
0.1322
0.0839
0.062
0.0855
0.1452
0.1803
0.1638
0.1101
0.0618
0.0547
0.0979
0.1341
0.1547
0.1102
0.0623
0.0469
0.0748
0.1221
0.1528
0.1389
0.0889
0.0576
0.0716
0.13
0.181
0.1793
0.1303
0.0783
0.0637
0.0992
0.1414
0.1779
0.1392
0.0868
0.0522
0.0668
0.1162
0.161
0.1583
0.1164
0.0714
0.0619
0.1151
0.1787
0.1955
0.159
0.1031
0.0729
0.1002
0.1565
0.1943
0.1884
0.1345
0.0849
0.0767
0.1226
0.1859
0.1958
0.1643
0.1002
0.0724
0.1043
0.1638
0.2072
0.1996
0.1385
0.0889
0.0963
0.1457
0.2103
0.2278
0.1837
0.1234
0.0967
0.1272
0.1917
0.2382
0.2235
0.1473
0.1036
0.101
0.1555
0.2114
0.2163
0.1722
0.1078
0.0753
0.1209
0.1872
0.2265
0.2096
0.1444
0.1025
0.1126
0.1771
0.2477
0.2452
0.1957
0.1358
0.099
0.131
0.2019
0.2278
0.2001
0.1415
