0.3229
0.3015
0.2288
0.1196
0.0388
0.0078
0.0512
0.1509
0.2652
0.342
0.3758
0.3022
0.1969
0.0805
0.0132
0.0152
0.0775
0.1696
0.25
0.2894
0.2847
0.2253
0.1464
0.0527
0.0078
0.0137
0.0744
0.1707
0.2643
0.3038
0.291
0.2088
0.1021
0.0338
0.0003
0.022
0.0808
0.1459
0.2
0.2273
0.2126
0.1754
0.1037
0.0398
0.0017
0.0127
0.073
0.1456
0.2125
0.2516
0.2263
0.1727
0.09
0.0292
0.0018
0.0144
0.0608
0.1262
0.191
0.2258
0.2361
0.1869
0.1182
0.0466
0.0037
0.0139
0.0687
0.1615
0.2367
0.2753
0.254
0.1929
0.1043
0.0308
0.0014
0.018
0.0822
0.1714
0.2534
0.3005
0.299
0.2265
0.1263
0.0381
0.0048
0.0432
0.1339
0.238
0.3217
0.3308
0.2849
0.1909
0.0886
0.0214
0.0072
0.0535
0.154
0.2599
0.3391
0.3581
0.3032
0.1971
0.0811
0.0175
0.0246
0.1
0.2093
0.3143
0.3499
0.3153
0.2328
0.1354
0.0433
0.0039
0.0273
0.102
0.2059
0.2937
0.3255
0.3113
0.2243
0.1154
0.0299
0.0054
0.0498
0.1381
0.227
0.287
0.2809
0.2307
0.151
0.0696
0.0133
0.0022
0.04
0.1115
0.191
0.2515
0.2688
0.2289
0.1458
0.0646
0.0092
0.0047
0.0545
0.1223
0.1927
0.2201
0.2148
0.1821
0.1246
0.0565
0.0152
0.0019
0.0312
0.0869
0.1613
0.2389
0.2596
0.2195
0.1484
0.0637
0.0105
0.0041
0.0412
0.112
0.1873
0.2252
0.2349
0.209
0.148
0.0723
0.0166
0.0017
0.0413
0.1229
0.2281
0.3005
0.3032
0.2563
0.1637
0.0667
0.0088
0.0115
0.0715
0.1618
0.2552
0.3031
0.2946
0.2427
0.1543
0.0624
0.0094
0.0224
0.101
0.2232
0.3148
0.3705
0.3471
0.2542
0.1271
0.0333
0.0082
0.0481
0.1421
0.2356
0.3159
0.3315
0.2916
0.2071
0.1049
0.0234
0.0106
0.0669
0.1658
0.283
0.3512
0.3402
0.2664
0.1589
0.0613
0.0066
0.0194
0.0821
0.1745
0.2553
0.2877
0.2717
0.2166
0.1271
0.0451
0.0028
0.0207
0.0842
0.1774
0.2654
0.2919
0.2611
0.1829
0.094
0.0195
0.0
0.0226
0.0789
0.1447
0.2037
0.2253
0.2216
0.1683
0.096
0.0302
0.0006
0.0178
0.0696
0.158
0.212
0.2408
0.2154
0.1591
0.0857
0.0278
0.0025
0.015
0.0639
0.1301
0.1998
0.2504
0.2521
0.1968
0.1116
0.038
0.0013
0.0216
0.0892
0.1787
0.2501
0.2876
0.2564
0.1877
0.097
0.0292
0.0003
0.0244
0.0954
0.1964
0.2853
0.3303
0.2974
0.2223
0.1173
0.0307
0.0098
0.0607
0.1648
0.2687
0.333
0.3295
0.2695
0.1752
0.0734
0.0132
0.0116
0.0683
0.1635
0.2783
0.3601
0.3484
0.2877
0.1762
0.0719
0.0119
0.036
0.1215
0.2297
0.3147
0.3371
0.2964
0.2078
0.1094
0.0259
0.0027
0.0334
0.1094
0.217
0.2991
0.3215
0.2927
0.1939
0.0927
0.0197
0.0063
0.063
0.1528
0.2269
0.2718
0.2672
0.2127
0.1271
0.0545
0.0089
0.0038
0.0432
0.1113
0.1965
0.2491
0.257
0.2135
0.1339
0.0543
0.0056
0.0081
0.0536
0.1224
0.183
0.2229
0.214
0.1815
0.1175
0.0536
0.0136
0.0019
0.0367
0.1022
0.1843
0.249
0.2572
0.211
0.1433
0.0546
0.009
0.006
0.048
0.1243
0.1972
0.2472
0.2493
0.2132
0.1475
0.0678
0.012
0.0052
0.0603
0.1486
0.2492
0.3183
0.3153
0.2511
0.1399
0.0547
0.0044
0.0206
0.0842
0.1856
0.2716
0.3155
0.3052
0.2491
0.1478
0.053
0.0082
