0.1005
0.1561
0.2984
0.4483
0.5418
0.5154
0.4087
0.2614
0.1498
0.1232
0.1771
0.2917
0.4205
0.4973
0.4847
0.4052
0.2873
0.177
0.118
0.1511
0.2692
0.4206
0.5177
0.5355
0.4386
0.2883
0.1504
0.0945
0.1689
0.3013
0.4578
0.5413
0.5202
0.396
0.2547
0.1474
0.1222
0.1915
0.3081
0.4148
0.4946
0.4867
0.406
0.2767
0.1631
0.1105
0.1592
0.2826
0.4173
0.5226
0.5385
0.4374
0.284
0.1473
0.0981
0.175
0.3161
0.4629
0.5429
0.5118
0.3878
0.2427
0.1413
0.1236
0.1901
0.3085
0.4371
0.4973
0.4838
0.3973
0.2669
0.1625
0.1204
0.1682
0.2838
0.4242
0.5248
0.5246
0.4311
0.2791
0.1377
0.1038
0.1776
0.3244
0.47
0.5371
0.5127
0.3793
0.2377
0.1397
0.123
0.1986
0.3135
0.4276
0.4936
0.4813
0.3899
0.2783
0.1584
0.1171
0.1724
0.2909
0.4386
0.5305
0.535
0.4215
0.2683
0.1406
0.1036
0.1763
0.3322
0.4662
0.5437
0.5021
0.382
0.2305
0.1406
0.1248
0.204
0.3314
0.4346
0.4911
0.4766
0.3866
0.2617
0.1573
0.1231
0.17
0.3016
0.4413
0.5276
0.5261
0.4113
0.2644
0.129
0.1072
0.1958
0.332
0.4821
0.551
0.5013
0.3618
0.2242
0.129
0.1327
0.2002
0.3305
0.443
0.4945
0.4714
0.3801
0.2582
0.1502
0.119
0.1793
0.3003
0.4426
0.5308
0.5242
0.4079
0.247
0.127
0.1056
0.1924
0.3538
0.4881
0.5411
0.501
0.3621
0.2246
0.1252
0.1304
0.211
0.3378
0.4488
0.5017
0.4778
0.3636
0.2486
0.1486
0.1189
0.1938
0.3182
0.4637
0.5341
0.5169
0.3991
0.2412
0.1206
0.1084
0.2013
0.3548
0.4856
0.5501
0.4925
0.3554
0.212
0.1276
0.1385
0.2217
0.3491
0.4511
0.5007
0.4719
0.3735
0.2406
0.1445
0.1218
0.1969
0.3272
0.4623
0.5455
0.5181
0.3875
0.2326
0.1187
0.1116
0.2113
0.3578
0.4991
0.5448
0.474
0.345
0.2036
0.1289
0.1373
0.2235
0.3506
0.454
0.4926
0.4557
0.3547
0.2287
0.1385
0.1219
0.1957
0.3342
0.4723
0.5371
0.5079
0.38
0.2172
0.1114
0.1168
0.2186
0.3822
0.5026
0.546
0.4829
0.3359
0.1944
0.1247
0.1421
0.2287
0.3582
0.4539
0.4933
0.453
0.3602
0.2294
0.1326
0.1259
0.2025
0.3404
0.4703
0.5383
0.5068
0.3744
0.2114
0.1162
0.1151
0.221
0.3799
0.5056
0.5448
0.4752
0.3335
0.1893
0.1231
0.1425
0.2346
0.3649
0.4691
0.4985
0.4456
0.3491
0.215
0.1391
0.1244
0.2102
0.3442
0.4807
0.5306
0.5049
0.3648
0.2068
0.1085
0.1222
0.2335
0.3866
0.519
0.5363
0.4617
0.3222
0.1831
0.1201
0.146
0.2412
0.3747
0.472
0.5023
0.4489
0.3357
0.215
0.1284
0.1272
0.2113
0.3591
0.4852
0.5418
0.4824
0.3611
0.2023
0.1113
0.12
0.2418
0.397
0.5332
0.5515
0.4533
0.3137
0.1763
0.1228
0.1506
0.2586
0.3839
0.4795
0.5032
0.4363
0.3287
0.2013
0.1302
0.1331
0.2229
0.3662
0.4867
0.544
0.4822
0.3486
0.1932
0.1044
0.1239
0.2514
0.3978
0.5236
0.5366
0.454
0.303
0.1722
0.1098
0.157
0.2579
0.3801
0.4758
0.5023
0.4399
0.318
0.2043
0.1264
0.126
0.2344
0.3693
0.4915
0.5421
0.4801
0.3332
0.1823
0.1059
0.1297
0.262
0.424
0.528
0.5353
0.4454
0.3035
0.1755
0.1192
0.1624
0.2673
0.3885
0.4766
0.497
0.4336
0.3169
0.1994
0.1289
0.1348
0.2298
0.3851
0.5077
