0.0517
0.0609
0.0699
0.0721
0.0799
0.0679
0.0627
0.0523
0.0477
0.0671
0.0843
0.0883
0.0801
0.0615
0.0428
0.0423
0.0696
0.0924
0.1007
0.0812
0.0526
0.0312
0.0484
0.0758
0.1061
0.1041
0.079
0.0443
0.0351
0.0518
0.0938
0.1222
0.1065
0.0698
0.0284
0.0288
0.0759
0.1225
0.1294
0.1019
0.0472
0.0178
0.0422
0.0944
0.1417
0.1481
0.0892
0.0375
0.0142
0.0492
0.1229
0.1531
0.1324
0.071
0.0172
0.0279
0.0845
0.1474
0.1519
0.1122
0.0414
0.0114
0.0444
0.1198
0.1732
0.1549
0.0866
0.025
0.0116
0.0713
0.1488
0.1831
0.1411
0.0624
0.0101
0.0278
0.1013
0.167
0.1674
0.1069
0.038
0.0077
0.0507
0.1325
0.1774
0.1555
0.0755
0.0137
0.0176
0.0837
0.1538
0.1818
0.1302
0.0511
0.0093
0.0346
0.111
0.1661
0.1583
0.0979
0.0295
0.0101
0.0574
0.1344
0.1691
0.1343
0.0672
0.0156
0.0277
0.0896
0.1479
0.149
0.1055
0.0387
0.0124
0.0492
0.1066
0.1442
0.1273
0.0837
0.0255
0.0195
0.0662
0.1201
0.1427
0.1099
0.0593
0.0226
0.038
0.0806
0.1176
0.1221
0.0814
0.0435
0.0244
0.0529
0.0882
0.1105
0.0991
0.0692
0.0415
0.0359
0.0638
0.0946
0.1045
0.0833
0.0559
0.0419
0.0448
0.069
0.0799
0.0901
0.0707
0.0603
0.0472
0.055
0.0676
0.0734
0.0773
0.0736
0.0673
0.0567
0.0562
0.0627
0.0708
0.0714
0.0741
0.0697
0.0629
0.0508
0.0536
0.0652
0.0761
0.0855
0.0746
0.0558
0.0392
0.0447
0.0718
0.0959
0.1057
0.077
0.0495
0.0362
0.0502
0.0819
0.1108
0.1041
0.0749
0.0384
0.0359
0.0655
0.1046
0.1241
0.1008
0.0564
0.0234
0.0376
0.0867
0.1291
0.1285
0.0929
0.0374
0.0171
0.0469
0.1092
0.1496
0.1363
0.0757
0.021
0.02
0.0723
0.1337
0.1569
0.1222
0.0506
0.0104
0.0368
0.1023
0.1556
0.1522
0.0896
0.0315
0.013
0.0573
0.1321
0.1712
0.1474
0.0676
0.0126
0.0228
0.0955
0.1669
0.184
0.1341
0.0415
0.0067
0.0445
0.1191
0.1851
0.1635
0.0942
0.0216
0.0138
0.0715
0.1442
0.1772
0.1385
0.0594
0.0075
0.0339
0.1045
0.1764
0.1746
0.1094
0.0355
0.0074
0.0519
0.1394
0.1797
0.1495
0.079
0.019
0.0185
0.0772
0.143
0.1638
0.1225
0.0476
0.0118
0.0389
0.1119
0.1538
0.1442
0.0827
0.0291
0.0165
0.0629
0.123
0.1545
0.1233
0.064
0.0208
0.0284
0.0846
0.131
0.1407
0.0958
0.0401
0.0227
0.0491
0.0965
0.1247
0.1109
0.0686
0.035
0.0306
0.0659
0.0974
0.1148
0.0892
0.0552
0.0335
0.0441
0.0766
0.0941
0.0963
0.0753
0.0501
0.0428
0.06
0.0782
0.0877
0.08
0.0699
0.0561
0.0492
0.0591
0.0714
0.0744
0.075
0.0599
0.0621
0.0594
0.0604
0.0623
0.065
0.0725
0.0714
0.0674
0.0613
0.053
0.0543
0.0662
0.0829
0.0931
0.0686
0.0478
0.0398
0.0519
0.0756
0.0995
0.0954
0.0713
0.0417
0.0323
0.0534
0.0907
0.1139
0.1005
0.0604
0.0316
0.0319
0.0702
0.115
0.1244
0.0931
0.0476
0.0215
0.0437
0.0967
0.1403
0.1291
0.0808
0.0256
0.0169
0.062
0.1272
0.1535
0.1327
0.0553
0.0152
0.0281
0.0919
0.1546
0.1617
0.1004
0.0383
0.0101
0.0539
0.1221
0.166
0.1459
0.0764
0.0197
0.0207
0.0831
0.1586
0.1815
0.1346
0.0508
0.0056
0.036
0.1207
0.1795
0.1718
0.0961
0.0286
0.0078
0.0605
