0.123
0.1654
0.2703
0.4214
0.507
0.5158
0.413
0.2819
0.166
0.1155
0.1593
0.2913
0.4234
0.5219
0.5112
0.4217
0.2725
0.1586
0.1155
0.1629
0.2908
0.4292
0.5066
0.5113
0.4137
0.2769
0.1591
0.1169
0.164
0.2869
0.4167
0.5083
0.5042
0.4133
0.2777
0.1619
0.1127
0.1746
0.2921
0.4345
0.5327
0.502
0.418
0.2779
0.1487
0.11
0.1717
0.2988
0.4367
0.5095
0.4958
0.3884
0.2652
0.1518
0.1209
0.1747
0.295
0.4179
0.5136
0.4995
0.4019
0.2731
0.1528
0.1162
0.1738
0.2935
0.4523
0.5227
0.511
0.405
0.2521
0.1444
0.1159
0.1842
0.3143
0.4353
0.516
0.4931
0.401
0.2643
0.1442
0.1146
0.1787
0.2993
0.4357
0.5137
0.5027
0.4014
0.2596
0.1444
0.109
0.1764
0.3126
0.4465
0.5306
0.5046
0.3995
0.252
0.1441
0.1149
0.1894
0.3184
0.4523
0.5182
0.4982
0.3912
0.2526
0.1383
0.1178
0.1796
0.3165
0.4398
0.5193
0.4931
0.3953
0.2558
0.1402
0.1114
0.1896
0.3125
0.4483
0.5227
0.5011
0.3954
0.2416
0.1333
0.1154
0.1879
0.3174
0.4541
0.5106
0.4905
0.3854
0.2498
0.1308
0.1156
0.186
0.3144
0.4465
0.5156
0.4883
0.3894
0.2484
0.1384
0.112
0.1883
0.3251
0.4533
0.5197
0.4999
0.3785
0.2393
0.1334
0.1207
0.1961
0.3377
0.465
0.5188
0.4853
0.371
0.2418
0.1439
0.1196
0.1963
0.3266
0.4606
0.5182
0.4905
0.3767
0.2371
0.1304
0.1192
0.1941
0.3288
0.4661
0.5319
0.4982
0.3751
0.2293
0.1313
0.1156
0.2032
0.339
0.4704
0.5193
0.4792
0.3677
0.2312
0.1363
0.1253
0.2006
0.3373
0.4568
0.5166
0.4838
0.3699
0.2331
0.1361
0.1138
0.193
0.3452
0.4751
0.5317
0.4878
0.3608
0.2266
0.1246
0.1234
0.2116
0.3435
0.4712
0.5279
0.4847
0.358
0.2331
0.1309
0.1222
0.2035
0.3475
0.4675
0.5347
0.4864
0.3692
0.2261
0.1389
0.1227
0.2058
0.3416
0.4711
0.5348
0.4825
0.3631
0.2132
0.1259
0.1262
0.2082
0.3559
0.4726
0.5145
0.4683
0.3524
0.2174
0.1274
0.1259
0.2222
0.3454
0.4697
0.5167
0.4712
0.3581
0.2157
0.1287
0.1223
0.22
0.3536
0.4799
0.5297
0.4796
0.3423
0.208
0.1233
0.1311
0.2245
0.3639
0.4837
0.5182
0.4655
0.3386
0.2149
0.1297
0.1281
0.2282
0.3707
0.4803
0.5204
0.4679
0.3415
0.2064
0.1242
0.1262
0.2121
0.3708
0.4909
0.5304
0.4713
0.3457
0.1991
0.1174
0.1335
0.2258
0.3691
0.4822
0.5298
0.4541
0.3354
0.2038
0.1202
0.132
0.2293
0.3692
0.4844
0.5198
0.4686
0.3494
0.2064
0.1241
0.1295
0.2231
0.3635
0.4955
0.5332
0.468
0.3444
0.1996
0.1151
0.1356
0.2345
0.3758
0.4901
0.5263
0.4574
0.3351
0.2056
0.1217
0.1416
0.2341
0.3764
0.4868
0.5143
0.4591
0.3417
0.2008
0.1195
0.1291
0.2344
0.3713
0.4955
0.5266
0.4635
0.3316
0.1896
0.114
0.1381
0.2455
0.3918
0.4957
0.5223
0.4504
0.3259
0.198
0.1187
0.1476
0.2409
0.3765
0.4895
0.518
0.4571
0.3326
0.1914
0.1184
0.1418
0.2429
0.3905
0.4966
0.5252
0.455
0.325
0.184
0.1179
0.1461
0.2525
0.3874
0.497
0.509
0.444
0.3127
0.1914
0.1185
0.1435
0.2519
0.3889
0.4868
0.5211
0.4442
0.3178
0.1858
0.1162
0.1431
0.2472
0.3923
0.5006
0.5277
0.4476
0.3117
0.1854
0.1117
0.147
0.2572
0.3987
0.5012
