0.0018
0.0701
0.1969
0.2975
0.2585
0.1314
0.0184
0.0138
0.122
0.2492
0.2792
0.2012
0.0717
0.0015
0.0521
0.1758
0.2793
0.262
0.1423
0.0269
0.0089
0.1082
0.2263
0.2591
0.1971
0.0727
0.0013
0.0361
0.1445
0.2368
0.2313
0.1237
0.0248
0.0075
0.0876
0.1956
0.2425
0.1784
0.0716
0.0026
0.0286
0.1291
0.2028
0.2037
0.1148
0.0305
0.0058
0.0687
0.1521
0.1818
0.1364
0.0576
0.0076
0.0376
0.116
0.1772
0.1571
0.0864
0.0239
0.013
0.071
0.1357
0.156
0.1112
0.0473
0.0162
0.0459
0.1036
0.1332
0.1122
0.0596
0.0219
0.0322
0.0839
0.1365
0.1226
0.0809
0.0305
0.0213
0.0641
0.1161
0.1303
0.0987
0.0404
0.0199
0.0538
0.1097
0.1335
0.1076
0.0518
0.018
0.0385
0.1033
0.1454
0.1388
0.0772
0.0229
0.021
0.0736
0.1405
0.1635
0.1105
0.0378
0.0077
0.0499
0.1364
0.1841
0.1535
0.0776
0.011
0.0194
0.1014
0.1844
0.2074
0.1323
0.0401
0.0021
0.0572
0.1563
0.2148
0.1886
0.0917
0.0083
0.0217
0.1256
0.2218
0.2415
0.1494
0.0407
0.0005
0.0623
0.1864
0.2541
0.2238
0.1146
0.0137
0.0204
0.12
0.2371
0.2628
0.1811
0.0525
0.0004
0.0624
0.1982
0.2841
0.2468
0.1227
0.0193
0.0181
0.1285
0.2485
0.2952
0.211
0.0742
0.0021
0.0499
0.1863
0.2818
0.2619
0.1404
0.0249
0.0101
0.1181
0.2342
0.2868
0.2161
0.0697
0.0026
0.0514
0.1744
0.2812
0.268
0.1545
0.0344
0.0044
0.0895
0.2143
0.2725
0.2041
0.0827
0.0034
0.0361
0.1488
0.2416
0.239
0.1396
0.032
0.0036
0.0766
0.1797
0.2395
0.194
0.0809
0.0056
0.0246
0.1193
0.203
0.2046
0.1236
0.0276
0.0046
0.0646
0.1577
0.2018
0.1547
0.0671
0.0071
0.0286
0.1042
0.1689
0.1711
0.1042
0.0317
0.0145
0.0669
0.1318
0.1608
0.1166
0.0487
0.0132
0.0398
0.1062
0.1495
0.1292
0.0723
0.0263
0.0248
0.075
0.1249
0.1331
0.0891
0.038
0.0228
0.0571
0.1127
0.1286
0.0965
0.0461
0.0185
0.0509
0.1015
0.1463
0.1208
0.0584
0.0192
0.0324
0.0866
0.134
0.1352
0.0847
0.0319
0.0199
0.0668
0.1263
0.1507
0.1139
0.0458
0.0067
0.0441
0.127
0.1853
0.1698
0.0845
0.0125
0.0153
0.0897
0.1755
0.1875
0.1322
0.0449
0.0033
0.0521
0.1506
0.2093
0.1764
0.0906
0.013
0.0164
0.1119
0.2198
0.2422
0.1662
0.0503
0.0
0.0581
0.1711
0.2563
0.2252
0.1121
0.0161
0.0158
0.1162
0.2358
0.2595
0.1808
0.0643
0.0008
0.0597
0.1867
0.2833
0.2548
0.1304
0.0219
0.0122
0.1139
0.2359
0.2846
0.2069
0.0761
0.0022
0.0482
0.1741
0.2833
0.2744
0.1506
0.0312
0.0065
0.1067
0.2427
0.296
0.2292
0.0927
0.0043
0.0395
0.1509
0.261
0.2588
0.1526
0.0372
0.0046
0.0917
0.2121
0.2818
0.2218
0.0993
0.0056
0.0286
0.1494
0.2515
0.2571
0.1585
0.0424
0.0008
0.0639
0.1725
0.2359
0.1902
0.0905
0.0081
0.0245
0.1179
0.204
0.2182
0.1354
0.0344
0.003
0.0639
0.1653
0.2194
0.1789
0.0817
0.0125
0.0179
0.0941
0.1632
0.1767
0.1058
0.0324
0.0114
0.0525
0.126
0.1655
0.1303
0.0572
0.0123
0.0314
0.0923
0.1518
0.1398
0.0881
0.0274
0.0184
0.062
0.1147
0.1321
0.0919
0.0398
0.0214
0.05
0.104
0.1217
0.1062
0.0499
0.0192
0.0376
0.0913
0.1317
0.1241
0.0703
