0.0916
0.0774
0.0603
0.0473
0.0513
0.07
0.0903
0.0775
0.0542
0.0467
0.0501
0.081
0.1003
0.089
0.0548
0.0325
0.0363
0.077
0.1145
0.1176
0.083
0.0433
0.0265
0.0523
0.0965
0.1335
0.1135
0.0626
0.022
0.0308
0.0857
0.1398
0.149
0.0946
0.0388
0.0119
0.0567
0.1284
0.1671
0.1449
0.0714
0.0155
0.0201
0.0915
0.1595
0.1755
0.1152
0.0412
0.0055
0.0512
0.1338
0.1944
0.1743
0.0855
0.0144
0.0151
0.0911
0.1771
0.2011
0.1475
0.0561
0.0035
0.037
0.1314
0.2044
0.1794
0.1035
0.0198
0.0093
0.0829
0.1907
0.2192
0.1684
0.0639
0.0032
0.0314
0.127
0.2086
0.2131
0.1293
0.0347
0.0045
0.0628
0.1588
0.2081
0.1695
0.0741
0.0081
0.0243
0.1136
0.2084
0.2149
0.1357
0.0381
0.0026
0.0563
0.1527
0.205
0.1867
0.0978
0.0167
0.0142
0.0828
0.166
0.1897
0.1202
0.0465
0.0064
0.0498
0.1282
0.1898
0.1585
0.0859
0.0185
0.015
0.0767
0.1469
0.1736
0.1344
0.0565
0.0166
0.0322
0.0923
0.1395
0.134
0.0856
0.0323
0.0217
0.064
0.1146
0.1375
0.1056
0.0497
0.022
0.0439
0.0827
0.1147
0.1081
0.0738
0.0419
0.0337
0.0599
0.0889
0.0963
0.0787
0.0537
0.0399
0.0567
0.0876
0.0905
0.0826
0.0528
0.0498
0.0605
0.0776
0.0909
0.0715
0.0587
0.0414
0.0574
0.0798
0.0945
0.08
0.0578
0.0386
0.0551
0.0834
0.1034
0.0965
0.0631
0.0332
0.0356
0.075
0.1075
0.1103
0.0824
0.0374
0.0254
0.0642
0.1065
0.1368
0.1066
0.0576
0.0198
0.0319
0.0877
0.1425
0.153
0.1083
0.0389
0.0128
0.0471
0.1202
0.1578
0.1401
0.0695
0.0144
0.024
0.0963
0.1642
0.1781
0.1194
0.0366
0.0047
0.0522
0.1431
0.1953
0.1789
0.0992
0.0195
0.0128
0.0879
0.1769
0.2074
0.1442
0.0432
0.0038
0.043
0.1394
0.2067
0.1942
0.1001
0.0182
0.0079
0.0878
0.1847
0.2315
0.1729
0.0687
0.0043
0.0294
0.1277
0.209
0.2043
0.1171
0.0318
0.0043
0.0659
0.1673
0.2136
0.1722
0.074
0.0076
0.0234
0.1072
0.2056
0.2091
0.1378
0.0417
0.0022
0.0527
0.1472
0.2059
0.1688
0.0891
0.0148
0.0184
0.0895
0.1611
0.1874
0.1306
0.0437
0.0054
0.0412
0.1204
0.1738
0.171
0.0892
0.0219
0.0147
0.0703
0.1317
0.1534
0.1233
0.0507
0.0148
0.0389
0.1026
0.151
0.1421
0.0856
0.0291
0.0202
0.0633
0.1129
0.13
0.108
0.0556
0.0275
0.0385
0.0815
0.105
0.0998
0.0682
0.0384
0.0424
0.0671
0.0946
0.0996
0.0741
0.0462
0.0408
0.057
0.0824
0.0937
0.0781
0.0572
0.051
0.0574
0.0755
0.0776
0.0724
0.0524
0.0427
0.0641
0.0851
0.1003
0.084
0.0515
0.0381
0.0484
0.0817
0.0988
0.0975
0.0638
0.0392
0.0417
0.0719
0.1106
0.1077
0.0818
0.0356
0.0252
0.0602
0.1136
0.1404
0.1213
0.0589
0.0206
0.0293
0.0878
0.1414
0.1474
0.1024
0.0362
0.0127
0.0534
0.1303
0.1644
0.1434
0.0671
0.0122
0.025
0.0963
0.1761
0.179
0.1219
0.0368
0.0066
0.0469
0.1294
0.1905
0.1698
0.0828
0.0137
0.0155
0.0864
0.1857
0.2048
0.139
0.0469
0.0019
0.0451
0.1407
0.2137
0.1963
0.1081
0.0257
0.0085
0.0783
0.1672
0.2108
0.1568
0.0639
0.0041
0.0326
0.1288
0.2086
0.2052
0.1182
0.0249
0.0058
0.0716
0.1791
0.2226
0.1845
0.0758
0.0083
0.0213
0.1048
