0.3231
0.251
0.1074
0.0071
0.0459
0.1788
0.2976
0.2909
0.167
0.0401
0.0077
0.1056
0.2654
0.317
0.2396
0.1032
0.0051
0.048
0.1815
0.2957
0.2895
0.169
0.0357
0.0078
0.103
0.2369
0.2857
0.2192
0.0824
0.0026
0.0497
0.1816
0.2793
0.2678
0.1399
0.0268
0.0109
0.1145
0.2467
0.2948
0.2169
0.0727
0.0018
0.048
0.1656
0.2598
0.233
0.1215
0.0181
0.0169
0.1154
0.2411
0.2642
0.1791
0.0515
0.0007
0.0636
0.1872
0.2638
0.2239
0.1134
0.0136
0.0177
0.1252
0.2232
0.2352
0.1539
0.0362
0.0017
0.0773
0.1926
0.248
0.1935
0.0772
0.003
0.0339
0.1419
0.2455
0.2418
0.1358
0.0262
0.0057
0.0863
0.2044
0.2503
0.1807
0.0629
0.0005
0.0538
0.1603
0.2493
0.219
0.1167
0.0161
0.0156
0.1139
0.2362
0.2585
0.1715
0.0544
0.0001
0.0658
0.1809
0.2532
0.2283
0.1065
0.0098
0.0252
0.1437
0.2533
0.2697
0.176
0.0441
0.0028
0.084
0.2126
0.2846
0.2271
0.0988
0.0077
0.0319
0.1556
0.2698
0.2774
0.1744
0.0414
0.005
0.1031
0.235
0.3172
0.249
0.1036
0.0074
0.0389
0.1655
0.2882
0.2877
0.1686
0.0379
0.0091
0.103
0.2428
0.3064
0.2339
0.0949
0.0053
0.0541
0.1917
0.3252
0.3097
0.1752
0.0401
0.0111
0.1134
0.2581
0.3186
0.2428
0.0976
0.0053
0.0481
0.1862
0.3
0.283
0.1624
0.0287
0.0136
0.124
0.2664
0.3292
0.2445
0.0919
0.0058
0.0566
0.194
0.294
0.2865
0.1561
0.0285
0.0128
0.1185
0.2474
0.2927
0.2056
0.0706
0.0018
0.0574
0.188
0.2958
0.2587
0.1379
0.0188
0.0132
0.121
0.251
0.2776
0.1921
0.0635
0.0002
0.0619
0.1837
0.272
0.2453
0.1058
0.0127
0.019
0.1317
0.2426
0.262
0.1661
0.047
0.0005
0.0679
0.1925
0.2556
0.2098
0.0923
0.0061
0.0298
0.1382
0.2387
0.2473
0.1505
0.0264
0.0051
0.0848
0.2011
0.2591
0.2018
0.0823
0.0018
0.0346
0.1486
0.2336
0.2166
0.114
0.0158
0.0134
0.111
0.2253
0.2525
0.1741
0.0544
0.0
0.0572
0.1836
0.2596
0.2318
0.11
0.0133
0.0177
0.1163
0.2344
0.2457
0.1541
0.0369
0.0025
0.082
0.2046
0.2779
0.2203
0.0973
0.0076
0.0352
0.1529
0.2613
0.2789
0.1684
0.0423
0.0032
0.0864
0.2202
0.2887
0.2155
0.088
0.0043
0.0434
0.1689
0.2886
0.2825
0.1588
0.0302
0.008
0.1082
0.2506
0.3223
0.2375
0.0943
0.0058
0.0493
0.1862
0.2972
0.2793
0.1546
0.0303
0.0138
0.1216
0.2637
0.319
0.2408
0.0865
0.0049
0.0566
0.1997
0.3106
0.2959
0.1573
0.0313
0.0121
0.1275
0.2784
0.3191
0.2395
0.0804
0.0035
0.0623
0.2046
0.3114
0.2883
0.1602
0.0268
0.0143
0.1302
0.2659
0.3043
0.2106
0.075
0.0015
0.0625
0.2084
0.2989
0.2701
0.1397
0.0208
0.0204
0.1335
0.2692
0.2991
0.209
0.0694
0.0019
0.0618
0.1971
0.2877
0.2491
0.1223
0.0167
0.0172
0.1298
0.2394
0.2691
0.1793
0.0464
0.0017
0.0793
0.2059
0.2885
0.2336
0.1136
0.0103
0.0225
0.1371
0.2382
0.2498
0.1539
0.0399
0.0018
0.0705
0.1957
0.2463
0.1918
0.075
0.0019
0.0356
0.1653
0.2458
0.2414
0.1307
0.0269
0.0073
0.0955
0.2027
0.2519
0.1775
0.0615
0.0005
0.0439
0.1579
0.2409
0.2095
0.103
0.0112
0.0163
0.1202
0.2327
0.2543
0.1654
0.0474
0.0005
0.0632
0.1777
