0.1405
0.1219
0.0869
0.0479
0.0224
0.0232
0.047
0.0825
0.1048
0.1097
0.1069
0.0896
0.0669
0.0437
0.0295
0.0311
0.055
0.0805
0.1154
0.1315
0.1076
0.0767
0.0425
0.0279
0.0333
0.0608
0.0802
0.1004
0.0956
0.0788
0.0657
0.0577
0.0532
0.046
0.0473
0.0552
0.0749
0.0836
0.0955
0.0838
0.0649
0.0461
0.0416
0.0497
0.0694
0.0831
0.0804
0.0706
0.0561
0.052
0.0601
0.0751
0.0765
0.0716
0.0605
0.0546
0.0528
0.0608
0.0654
0.0737
0.0691
0.0722
0.07
0.0738
0.0683
0.062
0.04
0.0404
0.0488
0.0775
0.103
0.1102
0.0939
0.0668
0.0402
0.0276
0.0367
0.0642
0.0873
0.1039
0.0995
0.0875
0.07
0.0531
0.0368
0.0318
0.0418
0.0627
0.0976
0.1228
0.1265
0.1124
0.0715
0.0291
0.0171
0.0361
0.0712
0.1089
0.1294
0.12
0.094
0.0643
0.0423
0.0305
0.0308
0.0497
0.074
0.0999
0.121
0.1204
0.0967
0.0621
0.0285
0.02
0.0408
0.0813
0.1159
0.1264
0.1171
0.0881
0.0546
0.0335
0.0307
0.045
0.0605
0.0844
0.0906
0.0983
0.0965
0.0822
0.0579
0.0382
0.0312
0.0514
0.0746
0.1003
0.1062
0.0963
0.0677
0.0439
0.0464
0.0528
0.0628
0.0712
0.0754
0.0721
0.0669
0.0669
0.0714
0.0641
0.0599
0.0564
0.0574
0.0607
0.0622
0.0705
0.064
0.057
0.0529
0.0625
0.0772
0.0824
0.0777
0.0618
0.0462
0.0357
0.0476
0.0701
0.0924
0.0967
0.0873
0.0701
0.0519
0.0457
0.0419
0.0488
0.0562
0.0718
0.095
0.1033
0.0962
0.0767
0.051
0.0276
0.0261
0.0482
0.0856
0.1173
0.1281
0.1047
0.0767
0.0417
0.0318
0.0335
0.0508
0.075
0.0976
0.1073
0.1137
0.1002
0.0715
0.0402
0.0216
0.0293
0.057
0.1012
0.1332
0.1395
0.1154
0.0724
0.0314
0.0231
0.0324
0.0587
0.0895
0.1031
0.1117
0.1028
0.0812
0.0579
0.0405
0.0292
0.0368
0.0619
0.0908
0.1194
0.1215
0.1
0.067
0.0317
0.0273
0.0462
0.0695
0.0921
0.0983
0.0823
0.0782
0.0625
0.0558
0.0508
0.0515
0.0534
0.0617
0.0742
0.0897
0.0845
0.0784
0.0615
0.0498
0.0459
0.0606
0.0753
0.0849
0.0776
0.0627
0.055
0.0531
0.065
0.0794
0.0848
0.0769
0.0627
0.0487
0.0483
0.0566
0.0657
0.074
0.0785
0.0727
0.0679
0.0689
0.06
0.0473
0.0422
0.0402
0.0619
0.0856
0.1117
0.1059
0.0894
0.06
0.0316
0.0286
0.0427
0.0708
0.0971
0.1107
0.1009
0.0903
0.0671
0.0448
0.0336
0.0289
0.0485
0.0745
0.1053
0.1377
0.1188
0.0961
0.0581
0.026
0.0206
0.0452
0.0813
0.1137
0.1242
0.1139
0.088
0.0584
0.0349
0.0276
0.0362
0.0606
0.0848
0.1104
0.1204
0.1173
0.0882
0.0487
0.024
0.0234
0.0512
0.0871
0.1158
0.1243
0.1055
0.0739
0.0513
0.0347
0.0355
0.0478
0.0667
0.0816
0.1007
0.0993
0.0928
0.0709
0.0516
0.0349
0.0399
0.0544
0.0792
0.0939
0.0943
0.0775
0.0598
0.0422
0.0485
0.0565
0.0691
0.0741
0.0659
0.0581
0.0606
0.0631
0.0705
0.0702
0.0624
0.0589
0.0596
0.0645
0.073
0.0629
0.0589
0.0527
0.0574
0.0748
0.0861
0.0873
0.0739
0.0541
0.0355
0.0363
0.0582
0.0788
0.1003
0.1007
0.0837
0.0635
0.047
0.0397
0.0417
0.0525
0.069
0.0828
0.0984
0.1059
0.0901
0.0754
0.0417
0.0221
0.0323
0.064
0.1026
0.1293
0.1253
0.1105
0.0669
0.0339
0.0237
