0.0991
0.1348
0.2072
0.2535
0.2406
0.1823
0.1219
0.1265
0.1915
0.2485
0.2732
0.2263
0.1583
0.116
0.1432
0.2024
0.2479
0.2355
0.1655
0.1105
0.0968
0.1415
0.1934
0.2221
0.1875
0.1164
0.0883
0.1146
0.1692
0.2165
0.2064
0.146
0.0974
0.0909
0.1275
0.1823
0.1966
0.1667
0.109
0.0645
0.0786
0.127
0.1696
0.1483
0.1034
0.0576
0.0532
0.0877
0.1227
0.1459
0.1105
0.0632
0.0402
0.0584
0.1056
0.127
0.1181
0.0693
0.0378
0.0363
0.0706
0.1151
0.1146
0.0787
0.0395
0.0231
0.0422
0.0806
0.0954
0.0798
0.0433
0.0171
0.0252
0.0685
0.0852
0.0887
0.0503
0.0211
0.0242
0.055
0.0872
0.0971
0.0704
0.0329
0.0193
0.0369
0.0732
0.0945
0.087
0.051
0.0196
0.0254
0.0583
0.0954
0.093
0.0624
0.0296
0.0314
0.0625
0.1145
0.1275
0.1119
0.0623
0.0387
0.0583
0.1106
0.143
0.1432
0.0933
0.0475
0.0463
0.0873
0.1384
0.1504
0.1268
0.0719
0.0602
0.0856
0.1434
0.1862
0.1783
0.1209
0.082
0.0853
0.1358
0.1987
0.2117
0.1795
0.113
0.0877
0.117
0.1767
0.2272
0.2078
0.1479
0.091
0.1035
0.1548
0.2119
0.2389
0.1969
0.1353
0.1083
0.1388
0.2008
0.2595
0.2478
0.188
0.1288
0.1241
0.1794
0.2564
0.2685
0.2196
0.1535
0.113
0.1402
0.2081
0.2554
0.2454
0.1772
0.1163
0.1138
0.1557
0.2325
0.2528
0.2164
0.1478
0.1122
0.1325
0.2034
0.2582
0.2441
0.1912
0.1286
0.1148
0.1643
0.2281
0.2416
0.2127
0.1327
0.0913
0.1084
0.154
0.2041
0.1948
0.1392
0.0902
0.0721
0.1175
0.1837
0.2005
0.1633
0.108
0.0714
0.0903
0.1462
0.1818
0.1815
0.1259
0.0749
0.0571
0.0937
0.1371
0.156
0.1218
0.0729
0.0368
0.0568
0.0953
0.127
0.1207
0.0763
0.0377
0.0381
0.0743
0.1166
0.1244
0.0877
0.0486
0.0264
0.0452
0.0792
0.1042
0.093
0.0511
0.0199
0.02
0.0527
0.0829
0.0859
0.0517
0.0211
0.0169
0.0436
0.0794
0.0975
0.0694
0.0364
0.0187
0.0349
0.0765
0.0982
0.0882
0.0535
0.024
0.0247
0.0609
0.0967
0.101
0.0687
0.0286
0.0238
0.0519
0.0921
0.1095
0.0914
0.0551
0.0329
0.0491
0.0997
0.1277
0.1253
0.0918
0.0532
0.0464
0.0836
0.1343
0.1595
0.1314
0.081
0.056
0.0742
0.1242
0.165
0.1571
0.1098
0.0626
0.067
0.113
0.1696
0.1975
0.1658
0.1102
0.0848
0.1132
0.1754
0.2335
0.2248
0.1608
0.1091
0.1038
0.1502
0.2151
0.2315
0.1926
0.1266
0.0953
0.1135
0.1849
0.2317
0.2173
0.1719
0.1174
0.1114
0.1711
0.2418
0.2666
0.2279
0.1621
0.1226
0.1451
0.2225
0.2704
0.2563
0.1942
0.1244
0.1138
0.1537
0.226
0.2475
0.2123
0.1364
0.1026
0.1257
0.1878
0.2439
0.2347
0.1864
0.1247
0.1074
0.1582
0.2293
0.2546
0.2183
0.1479
0.0983
0.1106
0.1685
0.2183
0.2143
0.1584
0.1007
0.0747
0.1193
0.1719
0.1956
0.1784
0.1106
0.0702
0.0836
0.1325
0.1822
0.1829
0.1244
0.0706
0.063
0.093
0.1461
0.164
0.1524
0.0848
0.0529
0.0573
0.1024
0.1383
0.1332
0.0887
0.0434
0.0323
0.0595
0.1025
0.1139
0.0906
0.0476
0.0244
0.0401
0.0806
0.1101
0.0972
0.0571
0.0283
0.0267
0.0594
0.0962
0.0978
0.0692
0.0329
0.016
0.0353
0.0711
0.0889
0.065
0.0347
0.0113
0.0245
0.062
0.0895
0.0843
0.0505
