0.0023
0.0125
0.0389
0.0505
0.0431
0.0244
0.0063
0.0053
0.025
0.0433
0.0484
0.0317
0.0106
0.002
0.0165
0.0388
0.0508
0.0376
0.021
0.0032
0.0088
0.0302
0.0515
0.0577
0.0349
0.0112
0.0042
0.0193
0.0495
0.0605
0.0438
0.0229
0.0041
0.0097
0.0356
0.0524
0.0513
0.0271
0.0072
0.0044
0.0241
0.0534
0.0631
0.0479
0.0228
0.0067
0.016
0.0457
0.0687
0.0628
0.0418
0.0131
0.0084
0.0242
0.0518
0.065
0.0477
0.0186
0.006
0.0136
0.0449
0.0646
0.0608
0.0398
0.0142
0.0112
0.0341
0.0692
0.0737
0.0592
0.0271
0.0098
0.0198
0.0502
0.0767
0.0633
0.0393
0.0132
0.0069
0.0294
0.0565
0.0678
0.0487
0.0225
0.0086
0.0183
0.0457
0.0728
0.0638
0.042
0.015
0.0122
0.0359
0.061
0.0715
0.0564
0.0215
0.0091
0.0189
0.0426
0.0637
0.0648
0.0358
0.013
0.0078
0.0271
0.053
0.0639
0.0458
0.0216
0.0072
0.0174
0.0499
0.0714
0.0607
0.033
0.0107
0.0116
0.0291
0.056
0.0647
0.0436
0.0223
0.0053
0.0123
0.0403
0.0584
0.0548
0.0279
0.0066
0.0058
0.0269
0.0512
0.0552
0.0407
0.0133
0.004
0.0179
0.0402
0.0582
0.053
0.0263
0.0071
0.0063
0.0234
0.0491
0.0529
0.039
0.012
0.0027
0.0156
0.0342
0.0517
0.0437
0.0176
0.0038
0.0083
0.0292
0.0478
0.0506
0.0326
0.0108
0.0046
0.0202
0.0427
0.0547
0.0447
0.0194
0.0038
0.0099
0.0317
0.0488
0.0448
0.0256
0.005
0.0047
0.0218
0.0419
0.0608
0.0386
0.0144
0.0043
0.0165
0.0421
0.0581
0.0556
0.0302
0.0087
0.0086
0.0308
0.0492
0.0568
0.0406
0.0166
0.003
0.0138
0.0428
0.0527
0.0475
0.0279
0.0063
0.0113
0.037
0.0598
0.0636
0.0444
0.0174
0.0084
0.0236
0.0524
0.0752
0.0625
0.0313
0.0074
0.0139
0.037
0.0625
0.0646
0.0429
0.0152
0.0062
0.0234
0.051
0.0721
0.0593
0.0321
0.0111
0.0164
0.0479
0.0759
0.0786
0.0578
0.0221
0.0127
0.0296
0.0572
0.0773
0.0633
0.0341
0.0113
0.0153
0.0378
0.0641
0.0709
0.0477
0.0186
0.0083
0.0284
0.0606
0.0728
0.0718
0.036
0.0119
0.0198
0.0453
0.0756
0.0758
0.0489
0.0206
0.0094
0.0255
0.057
0.0675
0.0571
0.033
0.0101
0.0133
0.0429
0.0688
0.0641
0.0424
0.0157
0.0092
0.0288
0.0578
0.071
0.0596
0.0302
0.0087
0.0129
0.039
0.0643
0.0675
0.0432
0.0176
0.0078
0.0232
0.0508
0.0595
0.0511
0.0237
0.0043
0.014
0.0386
0.0619
0.0586
0.0352
0.0096
0.006
0.0243
0.0511
0.061
0.0531
0.024
0.0072
0.0119
0.0442
0.0558
0.0527
0.0301
0.0083
0.0055
0.0229
0.0456
0.0555
0.0396
0.014
0.0024
0.016
0.0424
0.0571
0.0515
0.025
0.0081
0.0095
0.0327
0.0561
0.059
0.0392
0.0169
0.0046
0.0209
0.0453
0.0544
0.0436
0.0225
0.0053
0.0088
0.0304
0.0552
0.0574
0.035
0.0115
0.0078
0.0248
0.0525
0.0711
0.0549
0.0289
0.0079
0.0142
0.041
0.0612
0.0612
0.0396
0.0135
0.0074
0.0253
0.049
0.0644
0.0508
0.0218
0.0068
0.0202
0.0491
0.0715
0.0707
0.0411
0.0192
0.014
0.0377
0.0741
0.0823
0.0606
0.0272
0.0095
0.0212
0.0459
0.0675
0.0686
0.0394
0.0137
0.0105
0.0391
0.0706
0.0842
0.0591
0.0264
0.011
0.0275
0.0652
0.0855
0.0822
0.0471
0.0187
0.0157
0.0397
0.0723
0.0832
0.0622
