0.0126
0.0097
0.0065
0.0054
0.0069
0.0127
0.0092
0.0078
0.0034
0.0054
0.0109
0.0185
0.0173
0.0117
0.004
0.0004
0.0064
0.0234
0.0297
0.0307
0.0157
0.0037
0.0011
0.0146
0.0338
0.0391
0.0287
0.0111
0.0005
0.0062
0.0257
0.0419
0.0366
0.0266
0.0063
0.0044
0.0176
0.0449
0.059
0.0519
0.0236
0.0077
0.0156
0.0426
0.0667
0.0716
0.0459
0.0208
0.0101
0.024
0.0524
0.0707
0.0669
0.0412
0.0147
0.0137
0.0439
0.0748
0.0857
0.0623
0.0301
0.0116
0.0302
0.0625
0.0925
0.0958
0.0605
0.0251
0.0212
0.0503
0.0859
0.1016
0.0913
0.0478
0.021
0.028
0.057
0.0915
0.0945
0.0623
0.0297
0.0153
0.0411
0.0742
0.0928
0.0805
0.0475
0.0213
0.0229
0.0595
0.0924
0.1057
0.0802
0.0417
0.0214
0.0357
0.0668
0.0938
0.0874
0.0588
0.0246
0.0141
0.0362
0.0676
0.0829
0.0678
0.0345
0.0103
0.0182
0.0472
0.0782
0.0707
0.0482
0.0228
0.0122
0.0312
0.061
0.0734
0.0619
0.0372
0.0103
0.0098
0.0324
0.0515
0.0601
0.0415
0.0184
0.0017
0.0065
0.0318
0.0463
0.041
0.0218
0.0044
0.0025
0.0161
0.0354
0.0375
0.0287
0.0098
0.0004
0.0063
0.0215
0.0307
0.0303
0.0173
0.0044
0.0002
0.0063
0.0162
0.0199
0.0173
0.0083
0.0033
0.0049
0.0112
0.0117
0.01
0.0075
0.0044
0.0079
0.0121
0.0105
0.011
0.0057
0.0052
0.0086
0.0094
0.0095
0.0091
0.0039
0.0052
0.013
0.0172
0.0169
0.01
0.0021
0.0014
0.0103
0.0266
0.0326
0.0311
0.0132
0.0012
0.003
0.0205
0.035
0.0378
0.028
0.0082
0.0008
0.0095
0.0288
0.0406
0.0376
0.0203
0.0053
0.0057
0.0292
0.0509
0.059
0.0485
0.0178
0.0062
0.02
0.0475
0.0765
0.0738
0.0448
0.0169
0.0104
0.0321
0.0628
0.0785
0.0641
0.0326
0.0112
0.0213
0.0526
0.0729
0.0813
0.056
0.0233
0.0174
0.04
0.0812
0.096
0.0878
0.0541
0.0251
0.026
0.0587
0.0941
0.1094
0.0792
0.0397
0.019
0.0363
0.0731
0.0966
0.0886
0.0575
0.0248
0.0188
0.0513
0.0871
0.101
0.0796
0.0444
0.0183
0.0311
0.0709
0.1035
0.1012
0.0716
0.0323
0.0235
0.0415
0.0845
0.0996
0.0849
0.0516
0.0207
0.0208
0.045
0.0756
0.0807
0.061
0.0234
0.0107
0.026
0.0583
0.0835
0.073
0.0372
0.0163
0.0158
0.0377
0.0718
0.076
0.0567
0.0252
0.0082
0.0183
0.0414
0.0591
0.0578
0.0348
0.0108
0.0023
0.0154
0.0358
0.0432
0.0368
0.013
0.0022
0.0061
0.0245
0.0407
0.0393
0.0223
0.0048
0.0011
0.0115
0.0264
0.0379
0.026
0.0158
0.0011
0.0021
0.0096
0.0185
0.0214
0.0145
0.0051
0.0023
0.008
0.0125
0.0136
0.0083
0.0033
0.0051
0.0087
0.0145
0.0112
0.0085
0.0038
0.006
0.0081
0.0118
0.0121
0.0074
0.0033
0.0046
0.0122
0.0194
0.0193
0.0106
0.0019
0.0014
0.0125
0.0279
0.0352
0.0275
0.0105
0.0008
0.0064
0.025
0.0387
0.0384
0.0261
0.0065
0.0014
0.0156
0.0355
0.05
0.0381
0.0166
0.0027
0.0124
0.0377
0.0572
0.06
0.0433
0.0171
0.009
0.0317
0.0628
0.0784
0.0666
0.0429
0.0152
0.0182
0.045
0.0786
0.0895
0.0623
0.0328
0.0152
0.0311
0.066
0.0889
0.0828
0.0508
0.0204
0.0221
0.0527
0.0897
0.112
0.0827
0.0443
0.0261
0.0394
0.0813
0.1124
0.1113
0.0784
0.0359
0.023
0.0499
