0.0061
0.0479
0.1357
0.189
0.1668
0.0746
0.0109
0.0196
0.1018
0.182
0.1884
0.1301
0.039
0.0041
0.0529
0.1452
0.1918
0.1611
0.0714
0.0089
0.0274
0.1127
0.1983
0.1889
0.1092
0.0277
0.0067
0.0772
0.1624
0.2147
0.1677
0.0656
0.0063
0.0285
0.1126
0.1867
0.1837
0.0975
0.0203
0.01
0.0818
0.1784
0.2195
0.1564
0.0507
0.002
0.0489
0.147
0.2151
0.2016
0.1078
0.0226
0.0096
0.083
0.1801
0.207
0.1531
0.0539
0.0015
0.049
0.1566
0.2286
0.1936
0.0963
0.0126
0.0163
0.1048
0.2093
0.2285
0.15
0.0495
0.0014
0.0486
0.1524
0.2117
0.1804
0.0965
0.011
0.0174
0.1138
0.2024
0.2154
0.1474
0.0441
0.001
0.0584
0.1704
0.2301
0.189
0.0929
0.0113
0.0198
0.1048
0.1853
0.2091
0.1358
0.0416
0.0027
0.0649
0.1716
0.2247
0.1865
0.083
0.0073
0.0261
0.114
0.206
0.2026
0.1251
0.0335
0.0045
0.0649
0.1636
0.2034
0.1609
0.0742
0.0071
0.0289
0.1259
0.2062
0.2034
0.1185
0.0273
0.0076
0.0726
0.1674
0.1983
0.155
0.0625
0.0064
0.0331
0.1153
0.1838
0.1694
0.0883
0.0188
0.0138
0.09
0.18
0.2027
0.1486
0.0502
0.0032
0.0401
0.1338
0.1839
0.166
0.088
0.0141
0.0184
0.0877
0.1653
0.1874
0.1187
0.0341
0.0051
0.0606
0.1478
0.2069
0.164
0.0747
0.0078
0.0224
0.1068
0.1862
0.19
0.1148
0.0277
0.0089
0.0654
0.1569
0.1867
0.1492
0.0578
0.0066
0.035
0.1272
0.2015
0.199
0.1118
0.0225
0.0083
0.0834
0.1766
0.2026
0.1468
0.052
0.0049
0.0446
0.1384
0.205
0.1771
0.0918
0.0151
0.0123
0.0981
0.1978
0.2199
0.1543
0.0528
0.0021
0.0494
0.1513
0.2173
0.1882
0.0936
0.012
0.0156
0.1058
0.1956
0.2071
0.1428
0.0424
0.0016
0.0579
0.1677
0.225
0.1936
0.099
0.0108
0.0191
0.1105
0.1967
0.2074
0.1332
0.0344
0.0035
0.0693
0.1682
0.232
0.1885
0.0856
0.0065
0.0206
0.1165
0.2167
0.2346
0.1428
0.0415
0.0021
0.0616
0.1643
0.2178
0.1711
0.0761
0.005
0.0287
0.1267
0.217
0.2112
0.1244
0.0297
0.0044
0.0737
0.1733
0.222
0.1865
0.0845
0.0078
0.0282
0.1227
0.2
0.1969
0.107
0.0231
0.0102
0.0807
0.1738
0.2145
0.1523
0.0614
0.0035
0.0329
0.1323
0.2076
0.197
0.112
0.0251
0.0101
0.0772
0.1728
0.1941
0.1434
0.0507
0.0039
0.0475
0.1347
0.2034
0.1663
0.0908
0.0143
0.0158
0.089
0.1856
0.1916
0.1314
0.0468
0.0044
0.0509
0.1438
0.194
0.1595
0.0695
0.0077
0.029
0.1143
0.1877
0.187
0.1206
0.0287
0.0063
0.0652
0.1518
0.195
0.1561
0.0617
0.0096
0.0311
0.1107
0.1937
0.1828
0.1031
0.0196
0.0124
0.0915
0.1839
0.208
0.1442
0.0538
0.0038
0.0411
0.1339
0.1884
0.1776
0.0963
0.017
0.0139
0.0898
0.1814
0.2035
0.1383
0.0422
0.0024
0.0597
0.1591
0.2271
0.1889
0.0928
0.0118
0.0158
0.0949
0.1876
0.2008
0.1346
0.0431
0.0033
0.0561
0.1613
0.2117
0.1783
0.0823
0.0061
0.027
0.1294
0.2234
0.2358
0.1401
0.0356
0.0021
0.0631
0.1652
0.216
0.1828
0.0832
0.0066
0.0227
0.1204
0.2113
0.2119
0.1307
0.0313
0.0042
0.0743
0.1953
0.2376
0.1879
0.0771
0.0035
0.0324
0.1273
0.2089
0.2113
0.1247
0.0265
0.0065
0.0752
0.1793
0.2379
0.1787
0.0695
