0.026
0.0462
0.0861
0.1143
0.0989
0.0646
0.0308
0.04
0.0699
0.1015
0.1067
0.0785
0.0461
0.0324
0.0532
0.0892
0.1177
0.0974
0.0582
0.0302
0.0377
0.0755
0.112
0.1078
0.0759
0.0365
0.0267
0.0588
0.1
0.1137
0.0888
0.0505
0.0273
0.0389
0.0874
0.1174
0.1162
0.0721
0.0317
0.0234
0.0619
0.1063
0.1245
0.0992
0.0519
0.0237
0.0433
0.0915
0.1228
0.1145
0.0734
0.0322
0.0268
0.063
0.107
0.1294
0.106
0.0466
0.0176
0.0385
0.0894
0.1351
0.1205
0.0715
0.0282
0.0271
0.0707
0.115
0.1361
0.0976
0.0461
0.0181
0.0388
0.089
0.1357
0.1246
0.0779
0.0325
0.0225
0.0637
0.1161
0.1385
0.1028
0.0504
0.0201
0.0395
0.0943
0.1357
0.124
0.0706
0.0283
0.0217
0.0616
0.12
0.137
0.108
0.0545
0.0159
0.0349
0.0903
0.1311
0.1187
0.0768
0.0312
0.0246
0.0668
0.1071
0.1242
0.0979
0.0508
0.0235
0.0368
0.0858
0.1245
0.1322
0.08
0.0323
0.0255
0.0606
0.1106
0.1251
0.0995
0.0486
0.021
0.0422
0.0887
0.1136
0.1094
0.0661
0.0337
0.0294
0.0637
0.1052
0.1175
0.0961
0.0477
0.024
0.0444
0.0872
0.1154
0.1075
0.0662
0.0321
0.0343
0.0725
0.1094
0.1084
0.0757
0.041
0.0307
0.048
0.092
0.1095
0.1031
0.0607
0.0301
0.0373
0.0713
0.1118
0.1148
0.0776
0.0343
0.0286
0.0563
0.1018
0.117
0.0924
0.0537
0.0298
0.046
0.0804
0.1082
0.1019
0.071
0.0357
0.0348
0.0649
0.1061
0.1168
0.0828
0.0445
0.0293
0.0494
0.0946
0.1209
0.1077
0.0623
0.0256
0.0323
0.0726
0.1114
0.1199
0.0884
0.0466
0.0249
0.0412
0.0904
0.1252
0.1074
0.0628
0.0243
0.031
0.0785
0.1235
0.128
0.0808
0.0345
0.0232
0.0531
0.1064
0.1271
0.1085
0.061
0.0225
0.0326
0.0761
0.1203
0.1313
0.0879
0.037
0.0187
0.0541
0.1056
0.1354
0.1118
0.0608
0.0206
0.0308
0.0821
0.1241
0.1343
0.0945
0.0439
0.0197
0.0515
0.1107
0.1421
0.1174
0.0613
0.0225
0.0289
0.0828
0.1293
0.1373
0.0885
0.035
0.0177
0.0561
0.1097
0.1391
0.1166
0.0658
0.0211
0.0277
0.078
0.132
0.1387
0.0959
0.0356
0.0171
0.0522
0.1065
0.1389
0.115
0.0608
0.0228
0.0311
0.0778
0.1218
0.1288
0.091
0.0404
0.0203
0.0504
0.1085
0.1366
0.1154
0.0593
0.0213
0.0349
0.0833
0.1262
0.1284
0.0838
0.0372
0.0211
0.0512
0.1015
0.1226
0.1046
0.0596
0.0304
0.0354
0.0728
0.1224
0.1154
0.0777
0.0354
0.0254
0.0543
0.1043
0.1261
0.1014
0.0536
0.0259
0.0398
0.0781
0.1104
0.1072
0.0745
0.0362
0.0282
0.0584
0.1065
0.1163
0.0865
0.0499
0.0235
0.046
0.0833
0.1225
0.1094
0.0637
0.0278
0.0312
0.068
0.1097
0.1126
0.0821
0.0462
0.0271
0.0491
0.0923
0.1117
0.0983
0.0594
0.0283
0.0365
0.0786
0.1226
0.1195
0.0742
0.0306
0.0294
0.0624
0.1061
0.121
0.0958
0.0542
0.0232
0.0375
0.086
0.1207
0.117
0.0761
0.0272
0.0213
0.0606
0.1152
0.1327
0.1038
0.0481
0.0211
0.039
0.095
0.1293
0.1206
0.0737
0.0283
0.0246
0.0687
0.1171
0.1381
0.106
0.0498
0.0162
0.0407
0.1042
0.1333
0.1245
0.08
0.0231
0.0243
0.069
0.1252
0.1342
0.0992
0.0427
0.016
0.0408
0.0996
0.1357
0.1323
0.0771
0.0251
0.0217
0.0708
0.1339
0.1538
0.1091
