0.0614
0.2795
0.6312
0.5959
0.231
0.0621
0.338
0.6734
0.5873
0.193
0.0684
0.3742
0.677
0.5389
0.1612
0.0873
0.4198
0.6774
0.4833
0.1259
0.1151
0.4731
0.6819
0.4392
0.0935
0.1501
0.5298
0.6835
0.4104
0.0792
0.171
0.5577
0.664
0.361
0.0672
0.2297
0.5934
0.6394
0.302
0.0579
0.2616
0.6217
0.6248
0.2477
0.0536
0.3023
0.6594
0.5915
0.22
0.0584
0.3533
0.6531
0.5509
0.1741
0.0783
0.3993
0.6803
0.5022
0.1319
0.1044
0.4558
0.6977
0.4791
0.1106
0.1276
0.4943
0.6895
0.4219
0.09
0.1675
0.5349
0.668
0.3723
0.0669
0.2036
0.5865
0.656
0.3176
0.0558
0.2479
0.6206
0.6426
0.2843
0.057
0.2839
0.6329
0.5975
0.2337
0.0617
0.3327
0.6554
0.5636
0.1919
0.0741
0.384
0.6762
0.5335
0.152
0.0919
0.4323
0.6981
0.4948
0.119
0.1172
0.4711
0.6786
0.4341
0.0934
0.1556
0.5254
0.6651
0.3798
0.0698
0.1878
0.5731
0.6746
0.3411
0.0606
0.2177
0.6017
0.6469
0.2934
0.055
0.2772
0.6245
0.6104
0.2486
0.0588
0.3298
0.6613
0.5937
0.1977
0.0666
0.3612
0.6844
0.5437
0.1724
0.0768
0.4087
0.6775
0.4948
0.1337
0.1124
0.4536
0.6852
0.4509
0.0988
0.1359
0.517
0.6941
0.4119
0.0836
0.163
0.5501
0.6765
0.3673
0.0639
0.2027
0.5723
0.6374
0.3156
0.0573
0.2547
0.621
0.6252
0.2625
0.0538
0.2929
0.6529
0.5967
0.2296
0.0606
0.3375
0.6556
0.5611
0.1814
0.0735
0.3981
0.6732
0.5131
0.1446
0.1057
0.4438
0.6906
0.4723
0.115
0.1256
0.4905
0.7015
0.4469
0.0864
0.1457
0.5222
0.6835
0.3849
0.0703
0.1969
0.5664
0.6568
0.3251
0.0565
0.2377
0.6119
0.6412
0.2882
0.0544
0.278
0.6385
0.62
0.2411
0.0564
0.3177
0.6512
0.5637
0.2015
0.0723
0.378
0.6812
0.5388
0.1574
0.0849
0.4284
0.6952
0.5034
0.1277
0.1092
0.4729
0.6846
0.4535
0.0999
0.1424
0.5095
0.6761
0.403
0.0788
0.1787
0.563
0.6702
0.3528
0.0569
0.2187
0.5985
0.652
0.3113
0.0542
0.249
0.6133
0.6178
0.2529
0.0591
0.3137
0.6579
0.5918
0.2073
0.065
0.3555
0.6729
0.5629
0.1765
0.0804
0.3993
0.6859
0.5165
0.1456
0.1051
0.4487
0.6748
0.459
0.1023
0.1375
0.5089
0.6837
0.4178
0.0875
0.1576
0.5394
0.6854
0.377
0.0673
0.1929
0.573
0.6608
0.3219
0.0588
0.2491
0.6061
0.6406
0.2673
0.0577
0.302
0.6377
0.5993
0.2315
0.0545
0.3337
0.6721
0.5755
0.1894
0.0723
0.3755
0.6686
0.5247
0.1531
0.0963
0.4407
0.6866
0.4765
0.1166
0.1148
0.4842
0.6949
0.4504
0.0965
0.152
0.5257
0.6752
0.3932
0.0785
0.1843
0.5597
0.6653
0.3437
0.0593
0.2311
0.61
0.6571
0.2918
0.0507
0.2592
0.6391
0.6244
0.2544
0.0568
0.3036
0.652
0.5741
0.2097
0.0686
0.3651
0.6633
0.5396
0.1619
0.0874
0.4287
0.6941
0.5047
0.1293
0.0985
0.4541
0.6961
0.464
0.1048
0.1323
0.5036
0.6671
0.4132
0.0839
0.1718
0.5545
0.6756
0.361
0.0614
0.2101
0.5851
0.66
0.3179
0.0609
0.2452
0.6135
0.6274
0.2711
0.0581
0.2922
0.6344
0.5876
0.2213
0.0631
0.354
0.6691
0.5713
0.1746
0.0688
0.396
0.6842
0.5282
0.1569
0.095
0.4416
0.6823
0.4696
0.1187
0.121
0.4912
0.6787
0.4249
0.0895
0.1617
0.5433
0.6805
0.3832
