0.0055
0.0391
0.1172
0.2311
0.3041
0.3296
0.297
0.213
0.1078
0.0289
0.0057
0.0495
0.1324
0.2341
0.3154
0.3409
0.2914
0.2057
0.0961
0.0246
0.0079
0.053
0.1565
0.2555
0.3294
0.337
0.2838
0.1978
0.0941
0.0182
0.0113
0.0713
0.1721
0.2807
0.3393
0.3318
0.2847
0.1848
0.075
0.0139
0.021
0.089
0.1939
0.2923
0.3611
0.3396
0.2729
0.1564
0.0624
0.0107
0.0274
0.106
0.2138
0.2982
0.3513
0.329
0.251
0.1436
0.0476
0.0077
0.036
0.1204
0.2287
0.3158
0.3472
0.3129
0.2259
0.124
0.0373
0.0055
0.0494
0.1381
0.2521
0.3339
0.3435
0.2983
0.2083
0.1031
0.0272
0.0079
0.0548
0.1508
0.245
0.3186
0.3337
0.2811
0.1917
0.0902
0.0173
0.0123
0.0676
0.1614
0.2653
0.3219
0.3308
0.267
0.1751
0.0764
0.0137
0.0152
0.0756
0.1671
0.2707
0.3272
0.3268
0.2558
0.1565
0.0683
0.0094
0.0192
0.082
0.1879
0.2854
0.3371
0.3185
0.2578
0.147
0.0537
0.0075
0.0231
0.0998
0.2075
0.2991
0.3515
0.3163
0.2426
0.1351
0.0431
0.006
0.0358
0.1183
0.222
0.3141
0.3417
0.3213
0.2367
0.1298
0.0379
0.0056
0.046
0.1389
0.2459
0.3217
0.3527
0.3089
0.2168
0.1066
0.0245
0.0091
0.0599
0.151
0.2639
0.3433
0.3482
0.2962
0.2043
0.097
0.0197
0.0154
0.0684
0.176
0.28
0.3445
0.3441
0.2805
0.173
0.0821
0.0126
0.0165
0.0875
0.1859
0.2949
0.3512
0.3366
0.2642
0.1564
0.0604
0.0085
0.0225
0.0952
0.2004
0.3012
0.3451
0.3221
0.2535
0.1371
0.0453
0.0057
0.0264
0.1129
0.2116
0.2941
0.3439
0.3107
0.2271
0.1209
0.0353
0.0053
0.0337
0.1169
0.2222
0.3105
0.3329
0.2983
0.212
0.1024
0.0279
0.0046
0.0494
0.1263
0.2345
0.3153
0.3398
0.295
0.2034
0.0973
0.0213
0.0068
0.0577
0.1504
0.2503
0.3289
0.3434
0.2863
0.1884
0.0866
0.0167
0.0107
0.0722
0.1681
0.2776
0.3344
0.3431
0.2801
0.1789
0.0728
0.0124
0.0151
0.0834
0.1858
0.2866
0.3534
0.3513
0.2692
0.1573
0.0641
0.0097
0.0228
0.0999
0.2103
0.3065
0.3581
0.3388
0.2483
0.1446
0.0502
0.0076
0.0357
0.1182
0.2253
0.3237
0.3583
0.3261
0.2336
0.1175
0.0359
0.005
0.0423
0.1333
0.2442
0.3187
0.3588
0.3122
0.2111
0.1029
0.0259
0.0082
0.0528
0.1526
0.2565
0.3269
0.3437
0.2908
0.189
0.0881
0.0174
0.0101
0.0634
0.1628
0.2695
0.3273
0.3443
0.28
0.183
0.0741
0.0131
0.0121
0.0726
0.1766
0.2744
0.3325
0.323
0.2668
0.1639
0.0588
0.009
0.0176
0.086
0.184
0.2814
0.3335
0.3174
0.2512
0.1487
0.0519
0.0059
0.0225
0.0961
0.2003
0.3032
0.3352
0.3158
0.2396
0.1303
0.0427
0.006
0.0324
0.1067
0.2202
0.3074
0.3485
0.3106
0.2291
0.1203
0.0372
0.0064
0.0411
0.1327
0.2408
0.3302
0.3539
0.3138
0.2135
0.109
0.0301
0.0087
0.053
0.1567
0.2658
0.3454
0.3475
0.2973
0.1954
0.0916
0.0176
0.0124
0.0677
0.1804
0.2805
0.3454
0.3461
0.2848
0.1821
0.0728
0.0143
0.0154
0.0846
0.1895
0.2932
0.3418
0.3471
0.2718
0.161
0.0612
0.0096
0.0218
0.0973
0.2061
0.3052
0.3489
0.3211
0.256
0.1474
0.0438
0.0063
0.0304
0.1094
0.2198
0.3076
0.3406
0.3133
0.2253
0.1212
0.0371
0.0051
0.0392
0.1193
0.2231
0.3139
0.3341
