0.0181
0.0474
0.0876
0.088
0.0392
0.0223
0.0561
0.0989
0.0845
0.0388
0.0227
0.0624
0.1008
0.0799
0.0358
0.0217
0.0698
0.0975
0.0748
0.0276
0.0257
0.0634
0.0945
0.0657
0.0227
0.0308
0.0779
0.105
0.0645
0.0234
0.0418
0.0896
0.1093
0.057
0.024
0.0408
0.0918
0.0913
0.0495
0.0179
0.0428
0.0919
0.0878
0.0408
0.0171
0.0536
0.0981
0.0868
0.0399
0.022
0.0646
0.1074
0.087
0.0424
0.0231
0.0648
0.1021
0.0782
0.026
0.0209
0.0645
0.0933
0.0629
0.021
0.0267
0.0793
0.102
0.0667
0.0251
0.0359
0.0912
0.1056
0.0682
0.0229
0.0369
0.0827
0.1019
0.0509
0.0185
0.037
0.081
0.0819
0.0386
0.0171
0.05
0.0971
0.094
0.0433
0.0264
0.0645
0.1018
0.0897
0.0403
0.0209
0.0603
0.1017
0.0758
0.0287
0.0199
0.0633
0.0894
0.0673
0.0234
0.0259
0.0781
0.105
0.0698
0.0293
0.0364
0.0884
0.1077
0.0667
0.0227
0.0353
0.0804
0.0989
0.0522
0.0173
0.0377
0.0832
0.0893
0.0444
0.0178
0.0467
0.0956
0.0874
0.0475
0.0219
0.0585
0.1029
0.0885
0.0395
0.022
0.0618
0.0971
0.0815
0.0314
0.0213
0.0588
0.0991
0.074
0.0285
0.0235
0.0683
0.097
0.0748
0.0259
0.0325
0.0741
0.102
0.0698
0.0253
0.0356
0.0786
0.097
0.0613
0.0175
0.0374
0.0842
0.0937
0.0468
0.0183
0.0445
0.0875
0.0918
0.0464
0.0216
0.0516
0.0942
0.0963
0.045
0.0217
0.0622
0.1052
0.0874
0.0343
0.0227
0.0559
0.0924
0.0724
0.0258
0.0221
0.0706
0.1017
0.0683
0.0243
0.0278
0.0795
0.0979
0.0702
0.029
0.0388
0.0844
0.0989
0.0665
0.0213
0.0364
0.0801
0.0921
0.0512
0.0191
0.0349
0.0861
0.0907
0.0468
0.0192
0.0508
0.0995
0.089
0.0479
0.0239
0.0602
0.1056
0.0932
0.0413
0.0186
0.0564
0.0909
0.0757
0.0273
0.0204
0.0628
0.0939
0.0695
0.0284
0.0316
0.0798
0.1043
0.0715
0.0288
0.0372
0.0884
0.1025
0.0641
0.0224
0.036
0.0806
0.0934
0.0509
0.0158
0.0391
0.079
0.0892
0.0432
0.0172
0.0518
0.1002
0.1018
0.0497
0.0206
0.0568
0.0995
0.0914
0.0462
0.0196
0.0539
0.0925
0.078
0.0304
0.021
0.0565
0.0931
0.0688
0.0299
0.0276
0.0755
0.1034
0.0789
0.0288
0.0286
0.0791
0.1043
0.0712
0.024
0.0288
0.0793
0.0895
0.0505
0.0179
0.0334
0.0822
0.0894
0.0514
0.0183
0.0464
0.1
0.0941
0.0518
0.0236
0.0542
0.1028
0.1018
0.0469
0.0214
0.0548
0.0944
0.0892
0.0342
0.0207
0.0648
0.0991
0.0758
0.0312
0.0242
0.0649
0.1028
0.0809
0.0266
0.0281
0.0783
0.1056
0.071
0.0251
0.0317
0.0803
0.1028
0.0625
0.0222
0.0342
0.0802
0.0914
0.0505
0.0173
0.0375
0.0886
0.0892
0.0523
0.0202
0.0495
0.0965
0.0993
0.0487
0.0224
0.0522
0.0991
0.0886
0.0404
0.0196
0.054
0.0923
0.0744
0.0307
0.0226
0.0625
0.0956
0.0755
0.0278
0.0335
0.0786
0.1047
0.0803
0.0308
0.0313
0.0754
0.1054
0.0644
0.0236
0.0292
0.0726
0.0958
0.053
0.0174
0.0361
0.0825
0.0912
0.0494
0.0195
0.0507
0.0975
0.1008
0.0505
0.0224
0.0539
0.1019
0.0969
0.0458
0.0205
0.0538
0.0906
0.0793
0.0313
0.0171
0.0592
0.0941
0.0758
0.0309
0.0283
0.0722
0.1078
0.0823
0.032
0.0326
0.0768
0.1032
0.0727
0.0227
0.0263
0.0714
0.0979
0.0564
