0.3052
0.2664
0.1988
0.1568
0.1759
0.2498
0.3193
0.3181
0.26
0.1871
0.1647
0.2239
0.2955
0.3353
0.3008
0.211
0.1538
0.1686
0.2383
0.297
0.2891
0.2214
0.1484
0.1404
0.1996
0.2707
0.3019
0.252
0.184
0.1377
0.1722
0.2538
0.3095
0.2873
0.2347
0.15
0.1406
0.1999
0.2634
0.2796
0.2331
0.1542
0.1249
0.1456
0.2163
0.2585
0.2497
0.177
0.1219
0.1197
0.1823
0.2361
0.2685
0.2079
0.148
0.1227
0.159
0.2243
0.2699
0.2427
0.169
0.116
0.1275
0.183
0.2351
0.2451
0.1815
0.1179
0.1014
0.1385
0.2055
0.2328
0.201
0.1436
0.1028
0.1178
0.1921
0.2455
0.2419
0.1855
0.1281
0.1176
0.1653
0.2322
0.2579
0.2187
0.1447
0.1078
0.125
0.1905
0.2342
0.2222
0.1568
0.1079
0.1051
0.1678
0.232
0.2574
0.2092
0.1501
0.1247
0.1567
0.2318
0.2871
0.2611
0.1975
0.1375
0.1353
0.1895
0.2635
0.2647
0.2067
0.1462
0.1138
0.1553
0.2336
0.2717
0.2514
0.18
0.1356
0.1568
0.237
0.302
0.3117
0.2478
0.1768
0.1507
0.1997
0.2776
0.3157
0.2729
0.2015
0.1487
0.1504
0.2375
0.2896
0.2921
0.2301
0.1664
0.15
0.2089
0.2803
0.3228
0.2895
0.209
0.1631
0.1874
0.2594
0.3223
0.321
0.2552
0.1826
0.1667
0.2288
0.2915
0.326
0.2851
0.205
0.153
0.1736
0.2479
0.3033
0.2879
0.2269
0.1638
0.1497
0.2169
0.2978
0.3168
0.2635
0.1975
0.1563
0.189
0.269
0.3214
0.3083
0.2404
0.1646
0.1573
0.2062
0.2718
0.2893
0.248
0.1633
0.1265
0.1598
0.2283
0.2774
0.2637
0.1916
0.1374
0.1401
0.2106
0.2695
0.2953
0.2497
0.1722
0.1356
0.1669
0.2322
0.2773
0.2478
0.18
0.1224
0.1188
0.1755
0.2277
0.2376
0.1866
0.1282
0.1034
0.1442
0.2179
0.2572
0.2343
0.1585
0.1291
0.1314
0.2053
0.262
0.2484
0.187
0.1276
0.1068
0.1441
0.2139
0.2327
0.1963
0.1345
0.0866
0.1226
0.189
0.2352
0.2308
0.1712
0.1156
0.109
0.1713
0.2391
0.2633
0.2089
0.1442
0.1153
0.146
0.2086
0.2481
0.2378
0.1764
0.1127
0.113
0.1763
0.2301
0.2562
0.1924
0.1389
0.1105
0.1478
0.223
0.259
0.2474
0.1835
0.1247
0.1445
0.213
0.2857
0.2879
0.2314
0.1581
0.1392
0.18
0.2487
0.2903
0.2488
0.1844
0.1393
0.1399
0.2153
0.2766
0.2795
0.2217
0.1617
0.1424
0.208
0.2904
0.3142
0.2885
0.2113
0.1582
0.1837
0.2593
0.3236
0.3179
0.2422
0.1713
0.1473
0.2045
0.282
0.3055
0.2618
0.1896
0.1394
0.1775
0.2436
0.3148
0.3137
0.251
0.1862
0.1771
0.2337
0.312
0.3499
0.2924
0.214
0.1641
0.1927
0.2659
0.314
0.3008
0.2221
0.156
0.1448
0.2
0.281
0.305
0.2558
0.1816
0.1407
0.1864
0.2683
0.3146
0.3049
0.234
0.1677
0.1629
0.2201
0.2901
0.3073
0.2487
0.1762
0.1295
0.1639
0.2323
0.2726
0.2574
0.1869
0.1283
0.1315
0.196
0.2632
0.2708
0.2154
0.152
0.1286
0.1693
0.2369
0.2723
0.2549
0.1795
0.1289
0.1413
0.1935
0.2474
0.2575
0.1968
0.1308
0.1095
0.146
0.2088
0.2484
0.2072
0.1429
0.1015
0.1221
0.1927
0.2384
0.2402
0.1846
0.1258
0.1148
0.165
0.2381
0.2636
0.2256
0.1483
0.1108
0.1274
0.1988
0.2384
0.2164
0.1607
0.1014
0.1044
0.1631
0.2204
0.24
0.2044
0.1361
0.1104
0.154
0.2304
