0.007
0.0424
0.1365
0.1877
0.1629
0.0764
0.0106
0.0235
0.1039
0.1835
0.2009
0.1295
0.0339
0.0052
0.0577
0.1448
0.1924
0.1578
0.0659
0.0057
0.032
0.1263
0.2023
0.1948
0.1024
0.0229
0.0076
0.0891
0.1893
0.2283
0.17
0.0646
0.0021
0.0335
0.1281
0.2093
0.194
0.1061
0.015
0.0123
0.0964
0.2087
0.2353
0.1556
0.0563
0.0
0.0484
0.1635
0.2398
0.2258
0.121
0.0188
0.0097
0.0982
0.2015
0.2331
0.1552
0.0556
0.0005
0.063
0.1808
0.2481
0.2326
0.109
0.0122
0.0183
0.1209
0.246
0.2698
0.1804
0.0606
0.0001
0.0522
0.1636
0.2426
0.2138
0.1126
0.0113
0.0172
0.1202
0.2359
0.2586
0.1738
0.0522
0.0002
0.0626
0.1852
0.2638
0.2269
0.1093
0.016
0.0148
0.1145
0.2111
0.2537
0.1619
0.0498
0.0002
0.0628
0.1753
0.2489
0.2211
0.1041
0.0152
0.019
0.1186
0.2165
0.2361
0.1633
0.0475
0.0014
0.056
0.1627
0.2212
0.1871
0.0841
0.0066
0.0258
0.1239
0.2105
0.228
0.1365
0.0385
0.0019
0.0627
0.1592
0.2083
0.171
0.0808
0.0065
0.0261
0.1071
0.1861
0.1952
0.1017
0.0224
0.0096
0.0738
0.1788
0.2121
0.1549
0.0641
0.0059
0.0331
0.1205
0.1866
0.1806
0.0996
0.0209
0.0164
0.0861
0.159
0.1799
0.1158
0.0328
0.0054
0.0554
0.1481
0.209
0.1689
0.0813
0.0101
0.0223
0.099
0.1757
0.1897
0.1189
0.0348
0.0078
0.0642
0.1493
0.1835
0.1473
0.0541
0.0034
0.036
0.1296
0.2167
0.1971
0.1121
0.021
0.0059
0.0819
0.1812
0.2203
0.1537
0.0579
0.0025
0.0427
0.1456
0.2149
0.2036
0.0949
0.0126
0.0167
0.1052
0.2069
0.241
0.1747
0.0556
0.0
0.052
0.156
0.2302
0.2021
0.0996
0.0132
0.0174
0.1196
0.2232
0.2379
0.163
0.051
0.0001
0.0623
0.1806
0.2567
0.2317
0.1191
0.0114
0.0146
0.1114
0.2238
0.24
0.1633
0.0438
0.0007
0.0649
0.1828
0.2673
0.2255
0.1096
0.0114
0.0204
0.1248
0.2476
0.268
0.1782
0.0543
0.0
0.0555
0.175
0.2408
0.2027
0.0994
0.0088
0.0239
0.1248
0.2276
0.2489
0.1573
0.0448
0.0012
0.0675
0.1823
0.2603
0.2271
0.1081
0.0126
0.016
0.1123
0.2096
0.2108
0.1389
0.0346
0.0035
0.0669
0.1736
0.2306
0.1847
0.0789
0.0047
0.0256
0.1271
0.2076
0.2286
0.1445
0.0368
0.0032
0.0617
0.1518
0.2022
0.1563
0.0643
0.0051
0.0342
0.1282
0.2066
0.192
0.1029
0.0199
0.0108
0.0799
0.1659
0.2055
0.1518
0.0525
0.0058
0.0395
0.1214
0.1811
0.1591
0.0912
0.0129
0.0187
0.0967
0.17
0.1976
0.1292
0.0372
0.005
0.0486
0.1428
0.1914
0.1589
0.0726
0.0091
0.0281
0.1009
0.1809
0.1801
0.109
0.0215
0.0101
0.0833
0.1719
0.2063
0.1651
0.062
0.0045
0.0313
0.121
0.2022
0.1851
0.1006
0.0196
0.0109
0.0894
0.177
0.2124
0.1469
0.0456
0.0005
0.0522
0.1619
0.2416
0.207
0.1082
0.0156
0.0129
0.0972
0.2025
0.2276
0.1556
0.0469
0.0017
0.0578
0.1688
0.2335
0.1929
0.0903
0.0074
0.0213
0.1312
0.2391
0.2507
0.1675
0.0522
0.0001
0.0578
0.1842
0.2493
0.2077
0.0989
0.0123
0.021
0.1195
0.2143
0.2494
0.1577
0.041
0.0012
0.0724
0.1945
0.2675
0.224
0.1067
0.0115
0.0206
0.1224
0.2309
0.2517
0.1621
0.0446
0.0008
0.0629
0.1802
0.2462
0.208
0.0934
