0.0062
0.0049
0.0068
0.0072
0.0054
0.0063
0.0122
0.0211
0.0288
0.0281
0.0227
0.0105
0.0054
0.0113
0.0348
0.0645
0.0842
0.088
0.0729
0.0529
0.0283
0.0162
0.0257
0.0444
0.0719
0.0975
0.1089
0.0982
0.084
0.067
0.0511
0.0479
0.0761
0.1196
0.1687
0.1993
0.1971
0.1686
0.1284
0.0921
0.0721
0.0912
0.1248
0.1611
0.1952
0.184
0.1607
0.1233
0.0953
0.0721
0.0791
0.1088
0.1593
0.2007
0.222
0.2235
0.1815
0.1412
0.0959
0.0911
0.1062
0.1404
0.175
0.1812
0.1695
0.1378
0.0947
0.0569
0.0449
0.0534
0.0799
0.1099
0.1436
0.1483
0.129
0.1082
0.0666
0.0381
0.0375
0.0546
0.081
0.0991
0.0939
0.0802
0.0495
0.0218
0.0063
0.0044
0.0088
0.0202
0.0339
0.0378
0.0368
0.0278
0.0176
0.0056
0.0
0.0026
0.0108
0.0231
0.0209
0.0153
0.0062
0.0007
0.0062
0.016
0.0239
0.0324
0.0224
0.0093
0.0018
0.0021
0.0116
0.0298
0.0434
0.047
0.0489
0.0359
0.0222
0.0145
0.0079
0.0195
0.0382
0.0739
0.1078
0.126
0.1202
0.088
0.0658
0.0497
0.0593
0.0871
0.1268
0.154
0.1565
0.1419
0.1064
0.0738
0.0505
0.0509
0.0741
0.1076
0.1601
0.1817
0.203
0.1818
0.1447
0.1066
0.0955
0.1104
0.1507
0.2071
0.2355
0.2296
0.1976
0.1449
0.0977
0.0697
0.0694
0.094
0.1289
0.1635
0.1818
0.1735
0.1437
0.1097
0.0785
0.0737
0.0912
0.1306
0.1721
0.1901
0.1797
0.1431
0.0921
0.055
0.0369
0.045
0.0635
0.0824
0.0968
0.0849
0.0779
0.052
0.029
0.0151
0.0121
0.0249
0.0477
0.0645
0.0726
0.0646
0.038
0.0181
0.0038
0.0031
0.015
0.0205
0.0234
0.0183
0.0103
0.0046
0.004
0.0083
0.0107
0.0125
0.0124
0.0071
0.0045
0.0022
0.0022
0.006
0.011
0.0216
0.0391
0.0441
0.0391
0.0243
0.0133
0.0133
0.025
0.0568
0.083
0.1039
0.0991
0.0785
0.0541
0.0341
0.0272
0.0379
0.061
0.0923
0.1171
0.1276
0.1188
0.0944
0.0657
0.0577
0.0643
0.0987
0.1443
0.1966
0.2125
0.1992
0.1562
0.1231
0.0863
0.0783
0.1017
0.1383
0.1742
0.1855
0.1818
0.1541
0.119
0.0924
0.0742
0.0853
0.1318
0.174
0.2071
0.2313
0.2103
0.1626
0.1157
0.0878
0.0837
0.1088
0.1409
0.1676
0.1692
0.1483
0.1021
0.0701
0.0458
0.0381
0.0476
0.0806
0.1057
0.1303
0.1362
0.113
0.0789
0.0465
0.0294
0.0397
0.0562
0.0778
0.0818
0.0751
0.056
0.0275
0.008
0.0008
0.002
0.0068
0.016
0.0257
0.0216
0.027
0.0183
0.0095
0.0023
0.0004
0.0073
0.0137
0.0169
0.0157
0.01
0.0007
0.0036
0.0207
0.034
0.0408
0.0385
0.0271
0.0124
0.0046
0.0086
0.0246
0.0465
0.0534
0.0617
0.0559
0.0419
0.0257
0.0141
0.0154
0.0296
0.0601
0.0957
0.1291
0.1451
0.126
0.0908
0.0709
0.0619
0.0808
0.1111
0.1523
0.1767
0.1772
0.1449
0.1115
0.0699
0.0535
0.0601
0.091
0.1314
0.174
0.2053
0.1974
0.1792
0.1353
0.1019
0.0989
0.121
0.1696
0.2103
0.2263
0.2125
0.1739
0.1245
0.0848
0.0657
0.0747
0.1042
0.1388
0.1685
0.1778
0.1568
0.1333
0.0933
0.0626
0.0669
0.0927
0.1286
0.1568
0.1702
0.1478
0.107
0.068
0.0363
0.027
0.0356
0.0554
0.0734
0.0839
0.0731
0.0599
0.0384
0.0184
0.0086
0.0092
0.0231
0.0439
0.0589
0.0516
0.0418
0.0223
