[0.15728910570618387, 0.3136566465012893, -0.46941547761125446, -0.8102646201770826]
[-0.23582889434789842, 0.308163309051777, -0.029223290731356107, 0.921176479738675]
[-0.22941723477419276, 0.25968287414487096, -0.020156913288580706, 0.9378306009675195]
[0.18979742965012436, 0.30103216967430957, -0.5363711638798218, -0.7652859224352616]
[0.15829329321753843, -0.5583588504081135, 0.4178645198141658, -0.6989763018684918]
[0.22893574387169677, 0.04263047336233123, -0.21367956550676476, -0.9487423840029795]
[0.24025949420286857, -0.4717321731316467, 0.2605042058632636, -0.8073919067004736]
[0.2203724823620867, -0.14873775007895362, -0.07827615233626316, -0.9608256317846922]
[0.22208030164593562, -0.33219705887176465, 0.11858272690178664, -0.9089904238100288]
[0.1986248976502022, -0.5562844702494726, 0.320061961591329, -0.7407132231403872]
