[0.09393926546487993, -0.6526706921069777, 0.5363321140848285, -0.5268246819102312]
[-0.09789327981534592, -0.6499062847906146, 0.7063390118205525, 0.2629142961822736]
[-0.06996422899079897, -0.6669240304057159, 0.7127531714293904, 0.20567027239361746]
[-0.11534206449066645, 0.6461695507920474, -0.4807774473080269, 0.5813898571081304]
[0.1919751464100464, 0.4305786190381364, -0.6082993516153256, -0.6385291652011106]
[0.009277154579873012, -0.6976301621166157, 0.6974410965256376, -0.1637131887941905]
[0.08722117711435898, 0.5554434230363151, -0.6432796564100317, -0.5196790872427697]
[0.0270827737095859, -0.7257996774797513, 0.6840910625837984, 0.0670877755739015]
[0.10723650990374145, 0.6415230848817924, -0.7162826029743247, -0.25276015347308883]
[0.11987538234295736, 0.5270353357186203, -0.5947954547691521, -0.5950479094980914]
