[0.7997636519405036, 0.40611772425750553, 0.431684557278372, 0.09536738481299402]
[0.7996150304108754, 0.3985642581797681, 0.4317071129903647, 0.12406169366952217]
[0.8156209573026614, 0.3956143933109178, 0.41242728332866996, 0.09030748462922568]
[0.8178721659499845, 0.41274190451015713, 0.39280034419314613, 0.08023172706202604]
[0.7936530139052524, 0.41312879098051225, 0.4270725188588556, 0.1305701314146611]
[-0.821525236117015, -0.39793892540755527, -0.399206903573751, -0.08587634253635261]
[-0.7913685197887966, -0.42822507191133347, -0.41848961554350383, -0.12339203927349883]
[0.8161227050973089, 0.3902351698831272, 0.4155943067644122, 0.09456011101910489]
[-0.815364151517215, -0.3860949901636388, -0.423280651705518, -0.08333935974618271]
[-0.7947276827711774, -0.41152632161735103, -0.42807028754874804, -0.12573712964426975]
