[-0.5294970760250106, 0.5634189024149205, 0.5591683067179609, -0.2992035956413273]
[-0.5416980902496882, 0.47082736622912585, 0.6616983271674798, -0.21688728421312334]
[0.5399010849058027, -0.5369392209595087, -0.5902471401378092, 0.26797650096989944]
[0.5563144667937209, -0.5607237788888404, -0.5825418193831747, 0.1916979042513962]
[0.5659585987360204, -0.5914550509587084, -0.5561474211302898, 0.14342884362052166]
[0.5553012269472544, -0.5735524103275046, -0.5686457302640603, 0.1982932510471229]
[0.555333611396852, -0.5686455049696972, -0.5750953825671687, 0.193680589323272]
[-0.5058608269624504, 0.4469088318218791, 0.6386869039695166, -0.36939999794572687]
[0.5394844507725753, -0.6644736517131774, -0.453371936301862, 0.24876732286911848]
[-0.5517899108046688, 0.5271860420587566, 0.6151676029682137, -0.19791814381440903]
