[-0.8066244438984124, -0.41321937343840326, -0.40851297630279754, -0.10827697868420767]
[-0.8117448762487983, -0.40891668972585554, -0.4048844537869275, -0.0996291916515085]
[0.807685276575274, 0.41339451571159425, 0.40867773358533405, 0.09865079044110266]
[-0.8088113925958353, -0.41312047416769354, -0.40782822165735605, -0.09397737307694906]
[-0.8074563289474226, -0.4134120065797713, -0.4095251712070515, -0.09692225650630483]
[-0.8080881641844758, -0.41247787053902657, -0.4093340371464523, -0.09644258008753409]
[-0.8084998666223057, -0.41281862045767503, -0.40852527468997285, -0.09495184155464324]
[-0.8079978543668116, -0.4127885828325492, -0.40917565652136945, -0.09654188382267329]
[0.8093207326462472, 0.4116008988789853, 0.40776685613286395, 0.09649270848345676]
[0.8094226885443792, 0.4118367612837118, 0.40745147754743416, 0.09596190269760517]
