0.0136
0.1086
0.308
0.4632
0.439
0.2635
0.0663
0.0156
0.148
0.3526
0.4735
0.4039
0.2103
0.0379
0.0354
0.1994
0.408
0.4832
0.3712
0.159
0.0223
0.0555
0.2453
0.4352
0.4624
0.3163
0.1104
0.0108
0.1036
0.2976
0.4661
0.4455
0.2609
0.0753
0.0164
0.1418
0.347
0.4765
0.4098
0.2131
0.0449
0.0313
0.1941
0.3843
0.4732
0.3739
0.1647
0.0214
0.0579
0.2529
0.4352
0.475
0.324
0.1169
0.0144
0.0927
0.2951
0.4607
0.446
0.2736
0.0779
0.0157
0.1401
0.3453
0.4702
0.4149
0.214
0.0462
0.0298
0.1818
0.3876
0.4777
0.3787
0.1677
0.0254
0.0546
0.2309
0.4265
0.4659
0.3306
0.1252
0.012
0.09
0.2931
0.4511
0.448
0.2723
0.0795
0.0154
0.1355
0.3448
0.4853
0.4333
0.2275
0.0481
0.0264
0.1758
0.3878
0.4707
0.3806
0.175
0.0235
0.0508
0.225
0.4237
0.4779
0.3355
0.1293
0.0141
0.0823
0.2869
0.4595
0.4618
0.2869
0.0855
0.0136
0.1239
0.3334
0.4667
0.4125
0.2248
0.0499
0.0257
0.1788
0.3823
0.4807
0.3936
0.1869
0.0272
0.0473
0.2282
0.4147
0.4742
0.3504
0.1356
0.0148
0.0776
0.2741
0.4477
0.4566
0.291
0.0875
0.0146
0.1194
0.3387
0.4677
0.4202
0.2474
0.0552
0.0234
0.1614
0.3666
0.4834
0.3916
0.1927
0.0296
0.0411
0.2123
0.4078
0.47
0.3466
0.1345
0.0159
0.0742
0.2717
0.4562
0.4761
0.3016
0.0977
0.0117
0.1125
0.3129
0.4634
0.4343
0.2385
0.0575
0.0199
0.1565
0.3559
0.4757
0.4015
0.1948
0.0357
0.0427
0.2151
0.4089
0.4841
0.356
0.1457
0.0174
0.069
0.2619
0.4423
0.4537
0.3041
0.0993
0.0111
0.106
0.3103
0.4615
0.4293
0.2566
0.0656
0.0205
0.1573
0.3675
0.4692
0.4137
0.2064
0.0404
0.0372
0.2017
0.3993
0.4734
0.3675
0.1514
0.018
0.0671
0.2649
0.4441
0.4666
0.325
0.1077
0.0112
0.1031
0.3096
0.4662
0.4414
0.2609
0.0692
0.0173
0.1495
0.3522
0.4572
0.4106
0.2057
0.0382
0.035
0.2033
0.3984
0.4756
0.3776
0.153
0.0205
0.0569
0.2528
0.4302
0.4595
0.3146
0.1068
0.0117
0.0985
0.2955
0.4543
0.4377
0.2624
0.0698
0.0181
0.1431
0.3496
0.4704
0.4133
0.2263
0.0414
0.032
0.1898
0.392
0.473
0.3696
0.1673
0.0214
0.0532
0.244
0.4245
0.4662
0.3198
0.1196
0.0116
0.0923
0.3014
0.4628
0.45
0.2782
0.0838
0.0143
0.1332
0.3425
0.4711
0.4058
0.2208
0.0441
0.0309
0.1876
0.389
0.4758
0.3812
0.1717
0.0252
0.0568
0.232
0.4202
0.4719
0.3296
0.1262
0.0121
0.0852
0.2896
0.4546
0.4413
0.2828
0.0775
0.0164
0.1309
0.3388
0.4705
0.4223
0.2298
0.048
0.0253
0.1755
0.3797
0.4763
0.379
0.1805
0.0237
0.054
0.2339
0.4239
0.4724
0.3449
0.1304
0.0121
0.082
0.285
0.4567
0.4587
0.2942
0.0871
0.0113
0.1258
0.3364
0.4725
0.4174
0.2292
0.0533
0.0273
0.1767
0.3788
0.4726
0.386
0.1838
0.0286
0.0455
0.2261
0.4111
0.4749
0.3407
0.1351
0.0158
0.0746
0.2744
0.4491
0.4543
0.2948
0.0876
0.0132
0.1166
0.326
0.4671
0.4239
0.2428
0.0587
0.0186
0.1619
0.3676
0.4723
0.3865
0.192
0.0289
0.0445
0.2093
0.4159
0.4678
0.3561
0.1442
0.0161
0.0743
0.2776
0.4426
0.4656
0.3053
0.0963
0.0134
0.113
0.3148
0.4647
0.4277
0.2452
0.0597
0.0203
