0.0143
0.1061
0.3138
0.4631
0.4397
0.2621
0.0664
0.0164
0.145
0.3523
0.4658
0.3912
0.2031
0.0384
0.035
0.2053
0.3998
0.4724
0.3661
0.1598
0.0183
0.0621
0.2541
0.4325
0.4665
0.3177
0.104
0.014
0.095
0.3069
0.4483
0.4323
0.2597
0.0726
0.0162
0.1456
0.3576
0.4798
0.4178
0.2116
0.0471
0.0345
0.1936
0.3921
0.4746
0.3615
0.1672
0.018
0.0576
0.2377
0.4292
0.4575
0.3269
0.1126
0.0113
0.0987
0.3056
0.4575
0.4524
0.2786
0.0769
0.0144
0.1372
0.3421
0.4642
0.4084
0.2203
0.0404
0.0282
0.1895
0.3896
0.4776
0.3748
0.1711
0.0256
0.0543
0.2467
0.4331
0.4732
0.3344
0.1231
0.0129
0.0903
0.2832
0.4457
0.441
0.2789
0.0767
0.0153
0.1298
0.3375
0.4575
0.4186
0.2273
0.0465
0.0252
0.1784
0.384
0.4771
0.3838
0.1743
0.0267
0.0523
0.228
0.4182
0.4555
0.3293
0.123
0.0137
0.085
0.2855
0.4487
0.4546
0.3014
0.0883
0.0139
0.1298
0.332
0.4664
0.4279
0.2343
0.049
0.0237
0.1732
0.3817
0.4718
0.3803
0.178
0.0285
0.0484
0.2253
0.4219
0.4765
0.3416
0.1378
0.0155
0.0807
0.2754
0.4415
0.4449
0.2883
0.0901
0.0114
0.1247
0.3161
0.473
0.4376
0.2435
0.0557
0.0218
0.1655
0.3825
0.4676
0.3936
0.1869
0.0313
0.0417
0.2181
0.4137
0.4699
0.3494
0.1405
0.0149
0.0755
0.2716
0.4412
0.4495
0.3063
0.0998
0.0134
0.1122
0.3217
0.462
0.4265
0.2531
0.0587
0.0212
0.1591
0.3723
0.4721
0.3869
0.195
0.0332
0.0405
0.2083
0.4174
0.4745
0.3539
0.1495
0.0176
0.0712
0.2594
0.4336
0.4588
0.3135
0.1088
0.0112
0.1117
0.314
0.4716
0.445
0.2481
0.0642
0.0203
0.1554
0.357
0.4813
0.3966
0.21
0.0386
0.0373
0.204
0.4032
0.4671
0.3505
0.146
0.0155
0.0625
0.2542
0.442
0.469
0.3061
0.1107
0.0105
0.1022
0.3044
0.4572
0.437
0.2595
0.069
0.0174
0.1524
0.3531
0.4841
0.4048
0.2132
0.0387
0.0336
0.2048
0.4061
0.4791
0.3712
0.1586
0.0203
0.0606
0.2504
0.4338
0.4595
0.3194
0.1077
0.0099
0.0983
0.3051
0.4628
0.4451
0.2745
0.0744
0.0184
0.1466
0.3513
0.4787
0.4088
0.2132
0.0439
0.032
0.1942
0.3892
0.4729
0.3696
0.1625
0.0173
0.058
0.2497
0.4359
0.4714
0.3285
0.1201
0.0142
0.0923
0.2872
0.4505
0.4454
0.2666
0.079
0.0147
0.1305
0.3356
0.4696
0.419
0.2197
0.0451
0.0311
0.1884
0.3953
0.4851
0.3844
0.1735
0.0234
0.053
0.2337
0.4216
0.4653
0.3315
0.1195
0.0134
0.0906
0.2835
0.45
0.454
0.2772
0.0856
0.0134
0.1271
0.341
0.4744
0.4264
0.2275
0.0533
0.0269
0.1656
0.3832
0.4701
0.3779
0.1703
0.0262
0.0502
0.2331
0.4168
0.4704
0.3294
0.1314
0.0191
0.0893
0.2818
0.4497
0.45
0.2825
0.0879
0.0121
0.1189
0.3219
0.4551
0.425
0.2391
0.0535
0.0231
0.1726
0.382
0.4842
0.3949
0.1845
0.0305
0.0442
0.223
0.4189
0.4712
0.349
0.1344
0.0136
0.0782
0.2747
0.4352
0.4527
0.301
0.0893
0.0141
0.129
0.3338
0.4764
0.4404
0.2482
0.0564
0.0206
0.1641
0.369
0.4735
0.3989
0.1803
0.0296
0.0384
0.2139
0.4092
0.4742
0.3478
0.1367
0.0163
0.0729
0.2701
0.4513
0.4626
0.2996
0.1035
0.0117
0.1093
0.316
0.4557
0.4343
0.2441
0.06
0.0207
