0.5239
0.5079
0.4572
0.4078
0.3551
0.319
0.3174
0.3651
0.417
0.4636
0.4985
0.5161
0.4806
0.4345
0.3783
0.3447
0.3289
0.3446
0.3951
0.4433
0.4792
0.5059
0.5044
0.4647
0.4077
0.3612
0.3231
0.3103
0.3487
0.3881
0.4403
0.487
0.5129
0.4977
0.4606
0.4057
0.3642
0.3339
0.3411
0.3731
0.4205
0.4739
0.4972
0.5045
0.4712
0.4178
0.3707
0.3353
0.3179
0.3289
0.3804
0.4269
0.4817
0.5087
0.5169
0.4765
0.4264
0.3665
0.3345
0.3221
0.3485
0.3966
0.4494
0.4984
0.4992
0.4842
0.4463
0.3904
0.3466
0.3283
0.3397
0.3687
0.4185
0.4781
0.5127
0.5137
0.4882
0.4354
0.3855
0.3312
0.3319
0.3469
0.3767
0.4354
0.4624
0.4981
0.4942
0.474
0.4278
0.3773
0.3368
0.3246
0.3609
0.4034
0.4549
0.499
0.5111
0.4914
0.4486
0.3937
0.343
0.3248
0.3322
0.3545
0.4014
0.4593
0.5002
0.5116
0.4957
0.4397
0.3978
0.3493
0.3279
0.3464
0.3855
0.433
0.4785
0.4991
0.4974
0.4583
0.4091
0.3561
0.3237
0.3217
0.3466
0.4002
0.4555
0.5078
0.5096
0.5041
0.4523
0.4084
0.3576
0.3249
0.3352
0.3663
0.4189
0.4628
0.4869
0.4964
0.4764
0.4288
0.3825
0.3343
0.3253
0.3431
0.381
0.4433
0.4905
0.5168
0.5065
0.4713
0.4209
0.3707
0.3286
0.3178
0.3452
0.396
0.4441
0.4875
0.515
0.4917
0.4543
0.3992
0.3524
0.3413
0.334
0.3683
0.4188
0.4691
0.509
0.5075
0.4786
0.4202
0.3763
0.3305
0.3197
0.3354
0.3785
0.4306
0.4882
0.5201
0.512
0.4784
0.4229
0.3748
0.3364
0.3277
0.3602
0.3933
0.45
0.4843
0.4945
0.4782
0.4379
0.3821
0.3488
0.3291
0.3349
0.3652
0.4175
0.4757
0.5091
0.525
0.4908
0.4425
0.3865
0.3415
0.3176
0.3347
0.3764
0.4209
0.4766
0.5128
0.4938
0.4637
0.4215
0.3629
0.3351
0.3228
0.3562
0.401
0.464
0.505
0.5156
0.5009
0.4453
0.4045
0.3416
0.3177
0.3299
0.3511
0.4142
0.4654
0.4975
0.5104
0.4758
0.4346
0.3892
0.3453
0.3292
0.3508
0.3765
0.4431
0.4906
0.5105
0.5039
0.4716
0.3986
0.3604
0.3172
0.3229
0.3417
0.401
0.45
0.5087
0.5089
0.5008
0.4488
0.4086
0.364
0.3314
0.3348
0.3654
0.4177
0.4587
0.4909
0.5063
0.4717
0.4166
0.3814
0.3391
0.3286
0.345
0.3915
0.443
0.4988
0.5055
0.5118
0.4641
0.4279
0.3662
0.323
0.325
0.3515
0.3948
0.4428
0.4868
0.5032
0.4854
0.4629
0.3968
0.35
0.3263
0.3424
0.3666
0.4244
0.4756
0.5093
0.5087
0.4776
0.434
0.3795
0.328
0.3099
0.3275
0.3792
0.433
0.476
0.5115
0.5095
0.4774
0.424
0.3693
0.3344
0.3297
0.3655
0.3974
0.4587
0.4917
0.5098
0.4849
0.4425
0.3919
0.3427
0.3239
0.3307
0.358
0.4092
0.4723
0.5175
0.5066
0.4949
0.4391
0.374
0.3348
0.3274
0.3335
0.3791
0.4367
0.4708
0.5002
0.493
0.4583
0.4151
0.3647
0.3244
0.3353
0.3518
0.4067
0.4652
0.5082
0.5267
0.4946
0.4513
0.3933
0.3351
0.3223
0.3286
0.3631
0.4179
0.4629
0.4933
0.5088
0.4837
0.4385
0.3831
0.3412
0.331
0.3492
0.3832
0.4426
0.4893
0.5094
0.4924
0.4588
0.4097
0.3564
0.3145
0.311
0.3456
0.4005
0.4471
0.4938
0.5169
0.5037
0.4665
0.4043
0.3555
0.3275
0.3423
0.3579
0.4088
0.4683
0.4937
0.4996
0.4644
0.4255
0.369
0.3306
