0.0517
0.0425
0.0236
0.0106
0.02
0.0428
0.0692
0.0741
0.0574
0.0331
0.0183
0.0239
0.0465
0.0651
0.0637
0.0464
0.0214
0.0072
0.0171
0.0388
0.0528
0.0539
0.0338
0.0154
0.0182
0.0419
0.0617
0.081
0.0732
0.0444
0.0203
0.0187
0.0363
0.0524
0.0562
0.0413
0.0218
0.0071
0.0162
0.0373
0.0571
0.0548
0.0428
0.0263
0.0192
0.0337
0.0571
0.0794
0.0743
0.052
0.0218
0.0111
0.0216
0.0443
0.0525
0.0484
0.0239
0.0113
0.0143
0.0358
0.0623
0.0699
0.0547
0.0346
0.0201
0.0283
0.0546
0.0719
0.0745
0.0521
0.0252
0.0102
0.0142
0.0354
0.055
0.0467
0.0296
0.0132
0.0154
0.0341
0.0644
0.081
0.0682
0.0434
0.0246
0.022
0.0373
0.0568
0.0669
0.0543
0.0272
0.0102
0.0115
0.0336
0.0519
0.0564
0.0392
0.0179
0.017
0.03
0.0583
0.078
0.0716
0.0519
0.0262
0.016
0.0252
0.0475
0.057
0.0537
0.0268
0.0097
0.0134
0.0309
0.0588
0.0642
0.0524
0.0331
0.0169
0.0259
0.0471
0.0767
0.075
0.0573
0.0282
0.0139
0.0171
0.0399
0.0549
0.0492
0.0313
0.0128
0.0095
0.0283
0.0541
0.0708
0.0691
0.0437
0.0217
0.0182
0.0403
0.0623
0.0654
0.0572
0.0312
0.0122
0.0123
0.034
0.0491
0.0575
0.0383
0.0201
0.0132
0.0302
0.0571
0.0764
0.079
0.0539
0.0279
0.018
0.03
0.0471
0.0634
0.0547
0.0348
0.0135
0.0081
0.0246
0.0483
0.0591
0.0485
0.0309
0.0166
0.0252
0.0542
0.0694
0.0768
0.0654
0.0318
0.0151
0.0191
0.0393
0.0499
0.0528
0.0381
0.0131
0.0082
0.0252
0.0519
0.0657
0.0635
0.0391
0.0195
0.0224
0.0411
0.0697
0.0782
0.0639
0.0363
0.0157
0.0141
0.0262
0.0469
0.0516
0.0377
0.0207
0.0101
0.0243
0.0501
0.0713
0.0746
0.0542
0.0279
0.0198
0.0308
0.0547
0.073
0.0596
0.0412
0.0155
0.0071
0.0224
0.0451
0.0535
0.0449
0.0255
0.0139
0.022
0.0494
0.0701
0.0826
0.0599
0.0323
0.0191
0.0206
0.0423
0.0582
0.0593
0.0388
0.0161
0.008
0.0195
0.0392
0.0598
0.0586
0.038
0.0193
0.0215
0.0402
0.0694
0.0809
0.0626
0.0422
0.0177
0.0152
0.031
0.0507
0.0543
0.0403
0.0185
0.0079
0.0205
0.042
0.0643
0.066
0.0512
0.0283
0.0196
0.0351
0.0502
0.0762
0.0691
0.0441
0.02
0.0127
0.0221
0.0427
0.0536
0.0448
0.0263
0.0117
0.0192
0.0394
0.0716
0.0787
0.061
0.0387
0.0174
0.0257
0.0458
0.0683
0.0617
0.0439
0.0221
0.0083
0.0172
0.0382
0.055
0.0552
0.0365
0.0172
0.0169
0.036
0.0653
0.0801
0.0692
0.0404
0.0227
0.0173
0.032
0.0486
0.0566
0.0441
0.0209
0.0069
0.0159
0.0382
0.0627
0.0622
0.0507
0.027
0.0182
0.0328
0.0622
0.0734
0.0765
0.0516
0.0252
0.0119
0.0238
0.0399
0.0542
0.0458
0.0274
0.0101
0.0148
0.039
0.0658
0.0784
0.0608
0.0351
0.022
0.0281
0.0468
0.0633
0.072
0.0535
0.0259
0.0104
0.0157
0.0375
0.0543
0.0502
0.0331
0.0166
0.0142
0.0353
0.0629
0.0781
0.0724
0.0445
0.0233
0.0173
0.0359
0.0565
0.0612
0.0497
0.0265
0.0087
0.0117
0.0331
0.0542
0.0581
0.0425
0.027
0.0171
0.0294
0.0606
0.0783
0.0734
0.0545
0.0246
0.0163
0.0232
0.0448
0.0579
0.0521
0.0275
0.0106
0.0108
0.0328
0.0557
0.0687
0.0523
0.0346
0.0189
0.0251
0.0503
0.0747
0.0717
