0.2725
0.2727
0.2991
0.3323
0.363
0.3858
0.3887
0.3692
0.334
0.2918
0.2732
0.277
0.2869
0.3202
0.3486
0.3775
0.3854
0.3666
0.3356
0.3219
0.2948
0.2807
0.28
0.2901
0.3295
0.3567
0.3837
0.384
0.3708
0.3349
0.2985
0.2792
0.2789
0.2825
0.3032
0.3438
0.3526
0.3774
0.3747
0.364
0.3313
0.3074
0.2791
0.2798
0.278
0.3244
0.3576
0.3701
0.3872
0.3733
0.3467
0.3124
0.2859
0.2722
0.2777
0.3037
0.3301
0.3587
0.3797
0.3861
0.3677
0.3431
0.3129
0.2767
0.2672
0.28
0.3058
0.3359
0.3741
0.3853
0.3817
0.3541
0.3128
0.3038
0.272
0.2754
0.284
0.3178
0.3472
0.366
0.3848
0.3775
0.3525
0.3094
0.2784
0.2754
0.2766
0.3001
0.3332
0.3595
0.3831
0.3784
0.3629
0.3433
0.3165
0.2876
0.2687
0.2831
0.3039
0.3316
0.3738
0.3888
0.3825
0.3614
0.3235
0.29
0.274
0.2795
0.294
0.315
0.3486
0.3742
0.38
0.3784
0.3552
0.3201
0.2906
0.2791
0.2757
0.2969
0.3359
0.3615
0.3825
0.3899
0.3676
0.329
0.3
0.2834
0.2816
0.283
0.3054
0.3409
0.3685
0.3758
0.3857
0.3606
0.3283
0.2956
0.2745
0.2701
0.2863
0.3218
0.3581
0.3765
0.3767
0.3763
0.3445
0.3166
0.2976
0.2798
0.2711
0.3015
0.3223
0.3631
0.3851
0.3752
0.3654
0.3359
0.301
0.2785
0.2736
0.2937
0.3106
0.3535
0.3743
0.3716
0.3772
0.3621
0.333
0.2977
0.282
0.2653
0.2865
0.3197
0.3468
0.3773
0.3911
0.3723
0.3501
0.3144
0.2895
0.274
0.276
0.3061
0.3246
0.3533
0.38
0.3763
0.3734
0.3429
0.3092
0.2851
0.2643
0.2851
0.3022
0.3445
0.3748
0.3872
0.3816
0.3553
0.3299
0.2928
0.2779
0.2759
0.294
0.3177
0.3492
0.3717
0.3887
0.3737
0.3502
0.3175
0.2888
0.2674
0.2694
0.303
0.3301
0.3683
0.3745
0.3764
0.3611
0.3313
0.3086
0.286
0.2721
0.2688
0.307
0.3432
0.3656
0.3855
0.3782
0.3576
0.3207
0.2916
0.2837
0.269
0.2895
0.3212
0.3372
0.3787
0.3828
0.3717
0.3533
0.3172
0.2877
0.2756
0.2692
0.2932
0.3249
0.3613
0.3819
0.3905
0.3704
0.3388
0.308
0.2848
0.2822
0.2878
0.3055
0.3347
0.3671
0.3757
0.3786
0.3557
0.3344
0.3023
0.2755
0.2602
0.2799
0.3198
0.3567
0.3714
0.3947
0.3793
0.3425
0.3116
0.2883
0.2874
0.2863
0.2929
0.3121
0.3537
0.376
0.3889
0.3732
0.3366
0.3026
0.2743
0.2782
0.2823
0.3027
0.3413
0.3675
0.3758
0.3773
0.363
0.3262
0.2999
0.2767
0.2675
0.2865
0.312
0.3491
0.3761
0.3858
0.3781
0.3486
0.3107
0.2827
0.2712
0.2842
0.2969
0.3331
0.359
0.3799
0.3793
0.3696
0.34
0.3134
0.2791
0.2637
0.2735
0.3052
0.3408
0.3729
0.392
0.3811
0.3451
0.3231
0.298
0.2861
0.2743
0.2942
0.3214
0.3471
0.3687
0.3811
0.3657
0.3609
0.3187
0.2848
0.2711
0.2748
0.2983
0.3292
0.3658
0.3878
0.3915
0.3613
0.3286
0.3062
0.2835
0.2646
0.282
0.3
0.337
0.3658
0.3879
0.3776
0.3706
0.3309
0.2982
0.2765
0.2746
0.294
0.3208
0.3568
0.3708
0.3755
0.3744
0.3503
0.3187
0.2834
0.282
0.2743
0.2987
0.3225
0.3541
0.3802
0.3906
0.3652
0.3414
0.3014
0.2742
0.273
0.2845
0.3091
0.3474
0.3626
0.3858
0.3841
0.3604
0.3273
0.3061
0.2767
0.2757
0.2807
0.3189
0.3479
0.3761
