0.2558
0.2339
0.1782
0.1128
0.0494
0.007
0.0161
0.0714
0.1535
0.2324
0.2753
0.2671
0.2142
0.1356
0.0613
0.0128
0.01
0.0471
0.1071
0.1754
0.2423
0.2643
0.2375
0.1833
0.1078
0.0384
0.0053
0.0196
0.0792
0.1608
0.2278
0.2726
0.2563
0.2024
0.124
0.0534
0.0117
0.0123
0.0453
0.1118
0.1784
0.2275
0.2518
0.2335
0.1778
0.0991
0.035
0.0058
0.0258
0.0849
0.1634
0.2315
0.2556
0.2375
0.1796
0.1031
0.0489
0.0133
0.0169
0.0512
0.1087
0.1728
0.2292
0.2378
0.2225
0.1574
0.0784
0.0246
0.0078
0.0348
0.0886
0.1587
0.2083
0.2286
0.1976
0.1576
0.0994
0.0497
0.0178
0.0192
0.0532
0.1136
0.1744
0.2139
0.2384
0.2025
0.1378
0.0682
0.0221
0.0114
0.0398
0.096
0.1535
0.1935
0.2015
0.1841
0.1429
0.0907
0.0467
0.0215
0.024
0.0593
0.1182
0.168
0.2173
0.2081
0.1668
0.1082
0.0579
0.0211
0.0211
0.0542
0.1032
0.1434
0.1752
0.1827
0.1569
0.1286
0.0818
0.0478
0.0265
0.0365
0.0697
0.1252
0.1668
0.1881
0.1836
0.1393
0.0857
0.0462
0.033
0.0395
0.0644
0.1014
0.1356
0.1484
0.1494
0.1382
0.113
0.0723
0.0426
0.0319
0.0472
0.086
0.1339
0.1604
0.1603
0.1405
0.1043
0.069
0.0428
0.0389
0.0554
0.0774
0.1087
0.1293
0.1355
0.1369
0.1153
0.0886
0.0571
0.0417
0.0452
0.0708
0.1092
0.1424
0.1516
0.1345
0.1156
0.0746
0.0517
0.0458
0.0547
0.0723
0.0985
0.12
0.1339
0.127
0.1173
0.0966
0.0645
0.0431
0.0415
0.0597
0.0996
0.129
0.1397
0.1453
0.1217
0.0824
0.0592
0.0466
0.0545
0.0694
0.0934
0.1121
0.1308
0.131
0.1271
0.1014
0.076
0.0503
0.0413
0.0552
0.0882
0.1204
0.1526
0.1536
0.13
0.093
0.0658
0.0443
0.0438
0.057
0.0867
0.1176
0.132
0.1472
0.1483
0.1276
0.0843
0.0523
0.0319
0.039
0.073
0.1156
0.155
0.1763
0.1635
0.1233
0.0791
0.0491
0.0314
0.0418
0.0624
0.098
0.1344
0.1612
0.1721
0.1559
0.1145
0.0758
0.0352
0.0209
0.042
0.091
0.1441
0.1724
0.1911
0.1653
0.121
0.0758
0.0396
0.024
0.0395
0.0668
0.1193
0.1631
0.2018
0.1998
0.1657
0.1112
0.0562
0.0193
0.0196
0.0565
0.1131
0.1697
0.2033
0.21
0.1743
0.1205
0.0666
0.0289
0.0181
0.0359
0.0767
0.1374
0.1854
0.2315
0.217
0.1746
0.1086
0.0484
0.0111
0.0242
0.0671
0.1425
0.1942
0.2154
0.2128
0.1729
0.1283
0.0672
0.028
0.0134
0.0342
0.0889
0.1568
0.2146
0.2518
0.2305
0.1765
0.094
0.0347
0.0079
0.0258
0.0783
0.1486
0.1948
0.2327
0.2257
0.1916
0.125
0.0658
0.0207
0.0082
0.0405
0.1041
0.179
0.2457
0.2596
0.2403
0.1649
0.0901
0.0265
0.0052
0.0283
0.0813
0.1543
0.2096
0.2544
0.2447
0.2029
0.1328
0.0623
0.0153
0.0069
0.048
0.1201
0.2047
0.2599
0.276
0.2475
0.1591
0.0832
0.0253
0.0054
0.0308
0.0858
0.1578
0.2201
0.251
0.2567
0.2087
0.1386
0.0566
0.0097
0.009
0.0588
0.1394
0.2115
0.2732
0.2637
0.2281
0.159
0.0738
0.0238
0.0069
0.031
0.0879
0.163
0.2322
0.2597
0.2598
0.2037
0.1253
0.0507
0.0057
0.0132
0.0692
0.1451
0.2209
0.2627
0.2487
0.2076
0.144
0.0706
0.0209
0.0083
0.0296
0.095
0.1718
0.2343
0.2715
0.2542
0.2008
0.1186
0.0419
0.0051
