0.0716
0.0713
0.0584
0.038
0.024
0.0179
0.0223
0.0264
0.0442
0.0652
0.0675
0.0729
0.0653
0.0512
0.0358
0.0222
0.0158
0.0239
0.0387
0.052
0.0674
0.0702
0.0735
0.0638
0.0455
0.029
0.0176
0.0157
0.023
0.0407
0.0573
0.0683
0.0725
0.0652
0.0618
0.0423
0.0264
0.0182
0.0187
0.03
0.0484
0.0624
0.0729
0.0681
0.0667
0.0509
0.0329
0.0226
0.014
0.02
0.0337
0.0526
0.0654
0.0789
0.072
0.0621
0.0492
0.0271
0.0183
0.0162
0.0243
0.0412
0.0614
0.0659
0.0682
0.0635
0.0565
0.0429
0.0252
0.0182
0.0197
0.0255
0.0463
0.0653
0.0755
0.0753
0.0651
0.0518
0.0344
0.0216
0.0153
0.0216
0.0353
0.0529
0.0648
0.0758
0.0661
0.0659
0.0478
0.0292
0.0189
0.0163
0.0259
0.0402
0.0619
0.073
0.0711
0.068
0.0567
0.0409
0.0262
0.0182
0.0203
0.0278
0.0402
0.0612
0.0715
0.0745
0.0643
0.0492
0.0339
0.0221
0.0162
0.0226
0.0344
0.0493
0.0635
0.0698
0.0696
0.0631
0.044
0.0275
0.0182
0.0162
0.0223
0.0395
0.0546
0.0702
0.0787
0.0728
0.0582
0.0402
0.0257
0.0191
0.0202
0.0271
0.0411
0.0569
0.0733
0.0696
0.0693
0.0545
0.0348
0.0232
0.0183
0.02
0.0361
0.0568
0.0679
0.0759
0.0799
0.0618
0.047
0.0292
0.0191
0.0157
0.0243
0.0362
0.0546
0.0704
0.0735
0.0682
0.056
0.0383
0.0236
0.0183
0.0191
0.0323
0.0443
0.0579
0.0731
0.0806
0.0669
0.0519
0.0335
0.0235
0.0155
0.0237
0.0334
0.0526
0.0666
0.0753
0.072
0.0597
0.0478
0.0325
0.0202
0.0168
0.0254
0.0413
0.0551
0.0679
0.0762
0.0678
0.0528
0.0375
0.0224
0.0169
0.0183
0.0296
0.0459
0.0662
0.0747
0.0761
0.0697
0.0494
0.032
0.0219
0.0153
0.0221
0.0342
0.0538
0.0657
0.0739
0.0745
0.0581
0.0457
0.0269
0.0197
0.0193
0.0233
0.0389
0.057
0.0717
0.0716
0.0715
0.0577
0.041
0.026
0.0175
0.0179
0.0293
0.0471
0.0602
0.0745
0.0729
0.0678
0.054
0.0362
0.0239
0.0185
0.0221
0.0329
0.0504
0.0671
0.073
0.0713
0.0595
0.0455
0.0292
0.0185
0.0171
0.0243
0.0406
0.0518
0.069
0.0784
0.0715
0.0561
0.0388
0.0255
0.017
0.0206
0.0309
0.0444
0.0603
0.0709
0.0767
0.069
0.0496
0.0325
0.019
0.0159
0.0236
0.0362
0.052
0.0681
0.0708
0.0718
0.0606
0.0481
0.0301
0.0211
0.0186
0.0228
0.0382
0.0536
0.0665
0.0766
0.0699
0.059
0.0391
0.0253
0.0172
0.0201
0.0303
0.0475
0.0618
0.0744
0.0762
0.0656
0.049
0.034
0.021
0.0137
0.0206
0.0335
0.0508
0.0636
0.0718
0.0704
0.0649
0.046
0.0292
0.0185
0.0164
0.0269
0.0425
0.0565
0.0719
0.0734
0.0678
0.0562
0.0385
0.0249
0.0163
0.0167
0.0288
0.0411
0.0628
0.0685
0.0739
0.0676
0.048
0.0345
0.0211
0.0175
0.0201
0.0345
0.0525
0.0672
0.0797
0.0684
0.0606
0.0446
0.0271
0.0177
0.0168
0.0237
0.0443
0.0544
0.0732
0.0725
0.0652
0.0569
0.0352
0.0246
0.0162
0.0184
0.0297
0.0437
0.0597
0.0676
0.0713
0.0616
0.0499
0.0332
0.0206
0.0163
0.0219
0.0366
0.0546
0.064
0.0738
0.0699
0.0611
0.0452
0.0297
0.0195
0.0187
0.0235
0.0376
0.0568
0.0677
0.0759
0.0679
0.0584
0.04
0.0299
0.015
0.0186
0.0276
0.0459
0.0569
0.0708
0.0757
0.0705
0.0525
0.0339
0.0235
