0.6274
0.575
0.4358
0.2653
0.1176
0.0472
0.0773
0.2058
0.375
0.5353
0.6256
0.6027
0.4942
0.3301
0.1678
0.0598
0.0526
0.1449
0.31
0.4642
0.5862
0.6161
0.5403
0.3933
0.2177
0.09
0.0393
0.0984
0.2476
0.4188
0.5686
0.625
0.577
0.4559
0.2779
0.1295
0.0433
0.0648
0.1793
0.3406
0.5014
0.5946
0.6018
0.4995
0.3545
0.1792
0.0667
0.0482
0.1271
0.2855
0.4524
0.5793
0.619
0.5486
0.4008
0.2368
0.0918
0.0397
0.0791
0.211
0.3843
0.5309
0.596
0.5849
0.47
0.2964
0.1449
0.0497
0.0573
0.1549
0.3211
0.4866
0.5961
0.584
0.5119
0.3499
0.1866
0.0711
0.0371
0.1082
0.2454
0.4168
0.5452
0.6044
0.5561
0.4128
0.249
0.1034
0.0389
0.0728
0.1917
0.3656
0.5038
0.5777
0.5536
0.4511
0.2963
0.1435
0.0457
0.0448
0.1357
0.2787
0.4473
0.5574
0.5892
0.5066
0.3591
0.1927
0.0721
0.0348
0.0946
0.2233
0.3903
0.511
0.5724
0.5343
0.4108
0.2431
0.1013
0.0338
0.0567
0.1764
0.3299
0.476
0.5688
0.5684
0.4687
0.3065
0.1469
0.0461
0.0424
0.1235
0.272
0.4228
0.5286
0.5598
0.4973
0.3671
0.1963
0.0701
0.0301
0.0783
0.2122
0.3648
0.5081
0.5637
0.532
0.4091
0.2483
0.1018
0.0326
0.0522
0.1508
0.3033
0.4539
0.5549
0.5473
0.459
0.3099
0.1563
0.0489
0.0355
0.1113
0.248
0.4082
0.5354
0.5623
0.4881
0.3593
0.2049
0.0751
0.028
0.0695
0.196
0.3601
0.4864
0.546
0.5211
0.4047
0.2556
0.1161
0.0342
0.0453
0.1461
0.3013
0.4542
0.5397
0.5482
0.4572
0.3062
0.157
0.0524
0.0314
0.1004
0.2406
0.4018
0.5152
0.5519
0.4952
0.3761
0.2029
0.0798
0.0282
0.0726
0.1893
0.3525
0.4902
0.5598
0.5292
0.4237
0.2574
0.1167
0.0382
0.0417
0.1433
0.2792
0.4425
0.5369
0.5517
0.4716
0.329
0.1709
0.0576
0.0333
0.104
0.2512
0.3988
0.5198
0.5696
0.5112
0.384
0.2162
0.085
0.0301
0.0673
0.1948
0.3494
0.4927
0.5734
0.539
0.4355
0.2845
0.129
0.0408
0.0469
0.1403
0.298
0.4553
0.5585
0.5674
0.4851
0.3387
0.1773
0.0631
0.0351
0.0958
0.2327
0.3924
0.5301
0.59
0.5385
0.413
0.2404
0.1068
0.0344
0.0678
0.1875
0.3479
0.5044
0.5806
0.5636
0.468
0.302
0.1454
0.0498
0.0437
0.1343
0.2943
0.4497
0.5732
0.606
0.5221
0.3789
0.2055
0.0768
0.0356
0.1024
0.2403
0.3945
0.5351
0.5995
0.5613
0.4299
0.2704
0.12
0.0402
0.0626
0.1811
0.3356
0.5061
0.6007
0.6002
0.5
0.3451
0.1734
0.0615
0.0443
0.1336
0.2797
0.4501
0.5686
0.6081
0.5364
0.402
0.2238
0.0936
0.0422
0.0859
0.2221
0.4015
0.5538
0.6251
0.5929
0.4646
0.2931
0.138
0.0475
0.0649
0.166
0.3249
0.4902
0.5992
0.6034
0.5168
0.3643
0.2028
0.0769
0.0467
0.1183
0.2707
0.4453
0.5708
0.6308
0.569
0.4335
0.2557
0.1086
0.0456
0.0797
0.2029
0.3743
0.5254
0.628
0.6023
0.4902
0.3302
0.1601
0.0586
0.0558
0.151
0.319
0.485
0.6005
0.6222
0.544
0.3938
0.2147
0.0785
0.0412
0.1075
0.2476
0.4153
0.5738
0.616
0.5889
0.4497
0.2827
0.1343
0.0493
0.0691
0.1951
0.3642
0.5207
0.6244
0.6068
0.5045
0.3373
0.1673
0.0603
0.0468
0.1335
0.2837
0.4641
0.5852
0.6258
0.5529
0.4151
0.2302
0.1002
0.0416
