0.1817
0.2045
0.2828
0.3633
0.4622
0.5322
0.539
0.4674
0.3535
0.2477
0.176
0.1637
0.234
0.3346
0.4401
0.4964
0.5175
0.4835
0.4074
0.3264
0.2406
0.1865
0.1839
0.2439
0.3486
0.4492
0.5297
0.5572
0.4867
0.3901
0.2854
0.1947
0.1695
0.2096
0.2919
0.3944
0.4668
0.5102
0.5017
0.4517
0.3637
0.2675
0.1975
0.1707
0.2111
0.3175
0.436
0.5127
0.5474
0.512
0.4066
0.3061
0.2227
0.1808
0.1979
0.2631
0.3502
0.4421
0.5063
0.5289
0.4938
0.4083
0.2898
0.1996
0.1609
0.2025
0.2942
0.4062
0.4977
0.5256
0.5055
0.4387
0.3476
0.2534
0.2013
0.1863
0.2303
0.3059
0.4034
0.5001
0.5369
0.5055
0.4314
0.315
0.2204
0.1642
0.1861
0.2588
0.3617
0.4517
0.5134
0.5187
0.4618
0.3841
0.2946
0.2129
0.1778
0.1946
0.2749
0.3851
0.4904
0.5407
0.5267
0.4644
0.3416
0.2441
0.1829
0.1865
0.2301
0.3211
0.4123
0.4843
0.516
0.4933
0.4235
0.331
0.2333
0.177
0.1749
0.2465
0.3596
0.4662
0.5381
0.5308
0.4766
0.3731
0.2678
0.1992
0.1852
0.2132
0.2861
0.3715
0.4646
0.5294
0.5209
0.4713
0.3644
0.2551
0.179
0.1695
0.2312
0.3329
0.437
0.5153
0.5257
0.4867
0.4161
0.3111
0.2327
0.1831
0.1924
0.2471
0.3384
0.4403
0.5242
0.5471
0.4989
0.3925
0.2797
0.1963
0.1654
0.2068
0.297
0.4026
0.478
0.5004
0.5076
0.4541
0.3613
0.2705
0.1924
0.1754
0.2145
0.3165
0.4229
0.5137
0.5425
0.5161
0.4149
0.3092
0.2149
0.1787
0.1965
0.2627
0.351
0.4359
0.5074
0.5182
0.4754
0.4085
0.2956
0.2099
0.168
0.1977
0.2884
0.4111
0.4946
0.5372
0.5093
0.4389
0.3397
0.2502
0.1913
0.1881
0.2281
0.3146
0.4075
0.4923
0.5426
0.5249
0.4384
0.3288
0.2174
0.1623
0.1872
0.2594
0.3712
0.4713
0.5108
0.5148
0.4692
0.3811
0.2877
0.2122
0.1798
0.1954
0.2783
0.3674
0.484
0.5483
0.5379
0.468
0.3494
0.2391
0.1815
0.1765
0.2491
0.3345
0.4196
0.4887
0.5202
0.4843
0.4349
0.3282
0.2348
0.1754
0.1784
0.244
0.3591
0.463
0.5467
0.5347
0.481
0.3799
0.274
0.2033
0.185
0.214
0.2918
0.3669
0.4542
0.517
0.5165
0.4682
0.3675
0.2617
0.1898
0.1679
0.2292
0.3354
0.4336
0.5164
0.529
0.4861
0.402
0.3102
0.229
0.1919
0.1989
0.249
0.3327
0.4368
0.5221
0.5384
0.4926
0.3962
0.2842
0.1897
0.1634
0.2159
0.2926
0.4138
0.4822
0.5224
0.4972
0.4409
0.3514
0.2675
0.1997
0.1791
0.2191
0.3063
0.4155
0.518
0.5616
0.5191
0.4195
0.3095
0.2178
0.1788
0.195
0.2637
0.3548
0.4507
0.5055
0.5079
0.4736
0.4066
0.2989
0.2132
0.167
0.2028
0.2808
0.4045
0.4996
0.5438
0.5198
0.448
0.3459
0.2448
0.1851
0.1888
0.2249
0.3129
0.4167
0.4929
0.5323
0.5131
0.4349
0.3261
0.2284
0.1685
0.1818
0.2535
0.3744
0.47
0.527
0.5128
0.4636
0.3764
0.2842
0.2075
0.1781
0.2032
0.2714
0.3774
0.4928
0.5393
0.5376
0.4589
0.3519
0.2463
0.1783
0.1797
0.2357
0.3278
0.4312
0.498
0.5158
0.4835
0.4233
0.3258
0.2339
0.186
0.1902
0.2463
0.3506
0.4634
0.5422
0.5488
0.4812
0.3788
0.2725
0.1947
0.1866
0.22
0.2855
0.3838
0.4685
0.5177
0.5114
0.4674
0.3712
0.2601
0.1883
0.1699
0.2245
0.3189
0.4443
0.5252
