0.0164
0.0298
0.061
0.0971
0.1292
0.1485
0.1354
0.1027
0.0593
0.0259
0.0128
0.0297
0.0698
0.1128
0.1388
0.1499
0.1318
0.0984
0.0549
0.0235
0.0131
0.0323
0.0675
0.1195
0.1464
0.152
0.1385
0.0949
0.0531
0.0195
0.0124
0.0387
0.0815
0.1242
0.155
0.1511
0.1308
0.0896
0.0427
0.014
0.0175
0.0433
0.0878
0.1308
0.1571
0.1526
0.1242
0.0816
0.0375
0.0113
0.0207
0.0565
0.1009
0.1377
0.1587
0.1515
0.1137
0.0716
0.0284
0.0127
0.0268
0.0629
0.1067
0.1456
0.1651
0.1517
0.1026
0.0582
0.0244
0.0104
0.0343
0.0692
0.118
0.1473
0.1461
0.1338
0.0947
0.0514
0.0242
0.015
0.036
0.0782
0.1201
0.1467
0.155
0.1315
0.0854
0.0469
0.019
0.0176
0.0421
0.0812
0.1181
0.1464
0.1451
0.1239
0.0826
0.0494
0.0189
0.018
0.0464
0.0777
0.1207
0.1457
0.1468
0.1262
0.0774
0.0364
0.0196
0.0228
0.0532
0.085
0.1217
0.1473
0.1524
0.115
0.0759
0.0398
0.0153
0.0227
0.0508
0.0918
0.1322
0.1567
0.1468
0.1105
0.0728
0.0296
0.0134
0.0232
0.0554
0.0989
0.1364
0.156
0.1422
0.1137
0.0639
0.0266
0.0119
0.0284
0.0688
0.113
0.1454
0.1624
0.1473
0.1024
0.0515
0.0233
0.0114
0.0326
0.0722
0.1206
0.1468
0.1602
0.1355
0.0976
0.0461
0.018
0.0154
0.0443
0.0809
0.1287
0.1591
0.156
0.1355
0.0825
0.0378
0.0152
0.0205
0.0485
0.0921
0.1231
0.152
0.1457
0.1176
0.0795
0.0347
0.0143
0.0191
0.0552
0.0983
0.1329
0.1557
0.1415
0.1
0.0641
0.031
0.0164
0.0266
0.0542
0.1069
0.14
0.144
0.1405
0.1087
0.0591
0.0262
0.0169
0.0303
0.0661
0.1059
0.1375
0.1496
0.1398
0.097
0.0612
0.0274
0.0206
0.0313
0.0667
0.1056
0.1339
0.1493
0.1325
0.088
0.0507
0.0217
0.0171
0.0344
0.0733
0.1151
0.1491
0.1509
0.1298
0.0954
0.0502
0.0219
0.0178
0.0358
0.0683
0.1165
0.1558
0.1575
0.1291
0.088
0.0381
0.0162
0.016
0.0448
0.0879
0.1297
0.1593
0.1482
0.1236
0.0757
0.037
0.0162
0.0198
0.0497
0.0952
0.1398
0.1556
0.1589
0.1229
0.073
0.0271
0.0119
0.0253
0.0605
0.1116
0.1482
0.166
0.1446
0.1095
0.0584
0.0236
0.0127
0.0308
0.0657
0.114
0.1511
0.1565
0.1413
0.1015
0.0531
0.0187
0.0159
0.0398
0.0775
0.1224
0.1569
0.1584
0.1245
0.0894
0.0471
0.0219
0.018
0.0383
0.0775
0.1188
0.1497
0.1561
0.121
0.08
0.0395
0.0178
0.0229
0.0464
0.0863
0.1214
0.1483
0.1427
0.1155
0.0823
0.0397
0.0182
0.0191
0.0416
0.0903
0.1248
0.1435
0.1443
0.1176
0.0709
0.0352
0.0181
0.0224
0.0524
0.0946
0.1346
0.1539
0.1421
0.1096
0.0767
0.0356
0.0142
0.0208
0.0559
0.0996
0.1389
0.1631
0.1484
0.1082
0.0625
0.0272
0.0134
0.0267
0.063
0.1128
0.1478
0.1582
0.1414
0.1049
0.0602
0.0252
0.0127
0.0295
0.0734
0.1273
0.1565
0.1606
0.137
0.0949
0.0456
0.0184
0.0169
0.0369
0.083
0.1282
0.1611
0.1502
0.1307
0.0869
0.0413
0.0145
0.0154
0.0427
0.0942
0.1393
0.1705
0.1488
0.1188
0.0706
0.0331
0.0132
0.022
0.0536
0.0982
0.1373
0.1547
0.1418
0.1084
0.0699
0.0339
0.0145
0.0241
0.0611
0.1097
0.1431
0.1552
0.138
0.1041
0.057
0.0283
0.015
0.0309
0.0677
0.1066
0.1394
0.1486
