0.3404
0.3035
0.2298
0.1662
0.1842
0.2632
0.3343
0.3231
0.2575
0.1732
0.1665
0.2215
0.3068
0.3381
0.3086
0.2169
0.168
0.1935
0.2685
0.3275
0.3212
0.2586
0.1741
0.1546
0.2175
0.2979
0.3192
0.2624
0.1902
0.1497
0.1825
0.2549
0.3198
0.3184
0.2355
0.1734
0.1597
0.2355
0.3075
0.3222
0.2776
0.1915
0.1481
0.1726
0.2537
0.2963
0.2651
0.1924
0.1407
0.1451
0.2079
0.2778
0.2922
0.2598
0.1741
0.1466
0.1874
0.2675
0.3129
0.2877
0.2113
0.1459
0.1529
0.2126
0.2807
0.2804
0.2238
0.1424
0.1201
0.1714
0.2342
0.2923
0.2534
0.1814
0.1341
0.1574
0.2248
0.289
0.2998
0.2268
0.1614
0.1375
0.1965
0.2591
0.2907
0.2501
0.1746
0.1215
0.1535
0.2199
0.2707
0.2766
0.2051
0.1426
0.1314
0.1967
0.2673
0.3001
0.2569
0.1816
0.1411
0.179
0.2565
0.2983
0.2906
0.2143
0.1532
0.1565
0.2175
0.2848
0.3003
0.2538
0.1736
0.1421
0.1759
0.2515
0.2992
0.2895
0.2178
0.1538
0.1668
0.2331
0.3084
0.3203
0.273
0.1777
0.1608
0.1967
0.2897
0.3343
0.3064
0.2238
0.1649
0.1729
0.2431
0.3055
0.3278
0.2639
0.1781
0.1538
0.1986
0.2807
0.3319
0.298
0.2192
0.1657
0.1939
0.2661
0.3383
0.3355
0.2801
0.2017
0.1621
0.2168
0.3055
0.3394
0.3094
0.2152
0.1642
0.1827
0.256
0.3196
0.3195
0.257
0.1824
0.16
0.2257
0.2999
0.3447
0.3006
0.2138
0.1643
0.1913
0.2705
0.3261
0.3241
0.2505
0.1736
0.161
0.2142
0.2948
0.3306
0.2679
0.1985
0.1505
0.1742
0.2588
0.3192
0.2926
0.2346
0.1599
0.1536
0.2134
0.2901
0.312
0.2704
0.1908
0.1471
0.1806
0.2568
0.3071
0.2869
0.2192
0.1525
0.1423
0.2024
0.2842
0.2974
0.2401
0.1599
0.1349
0.1712
0.2441
0.293
0.2743
0.1964
0.1447
0.1504
0.2123
0.2785
0.2976
0.2376
0.1676
0.1335
0.1814
0.2481
0.287
0.2529
0.1769
0.1218
0.1378
0.1982
0.2669
0.2648
0.2169
0.1478
0.1278
0.1875
0.2676
0.3006
0.2682
0.1792
0.1436
0.1615
0.2399
0.2917
0.2756
0.2071
0.1369
0.1312
0.1792
0.252
0.2827
0.246
0.1631
0.1279
0.1611
0.2368
0.3035
0.2934
0.2107
0.1517
0.1544
0.223
0.2936
0.3107
0.2705
0.1841
0.1436
0.1703
0.252
0.2981
0.2764
0.2026
0.1408
0.144
0.2235
0.2947
0.3074
0.2563
0.1779
0.1522
0.1926
0.2772
0.3265
0.3057
0.2237
0.1587
0.168
0.2371
0.3073
0.3099
0.2622
0.1785
0.1451
0.2047
0.2836
0.3241
0.2956
0.2148
0.1644
0.1765
0.2525
0.3197
0.327
0.2588
0.1791
0.1623
0.2144
0.2991
0.3326
0.2998
0.2129
0.1647
0.1816
0.2617
0.3251
0.3281
0.2548
0.1825
0.1579
0.2183
0.2867
0.3173
0.2882
0.1938
0.149
0.1704
0.2553
0.3113
0.3087
0.2434
0.1725
0.1591
0.2197
0.306
0.3289
0.2906
0.209
0.1522
0.1691
0.2462
0.3075
0.2864
0.2129
0.1502
0.1402
0.1918
0.2679
0.2936
0.2516
0.1756
0.138
0.1794
0.2441
0.3095
0.2938
0.2149
0.1598
0.1481
0.2033
0.279
0.2944
0.2319
0.1541
0.1206
0.155
0.2276
0.2757
0.2544
0.1844
0.1256
0.136
0.2054
0.2752
0.2907
0.2254
0.1585
0.1405
0.1789
0.2495
0.2832
0.2567
0.1739
0.1305
0.1342
0.1997
0.2621
0.2619
0.2054
0.1299
0.1201
0.1673
0.2363
0.2728
0.2466
0.1664
0.1237
0.1411
0.2194
