0.0391
0.033
0.0119
0.0014
0.0077
0.0275
0.0377
0.0367
0.0154
0.0016
0.0042
0.0243
0.0457
0.0414
0.0251
0.0067
0.0046
0.0243
0.0448
0.0615
0.047
0.0227
0.0067
0.0205
0.0488
0.0691
0.0653
0.0402
0.0136
0.0139
0.0352
0.0643
0.0813
0.0559
0.0277
0.0135
0.03
0.0715
0.0941
0.0879
0.062
0.0283
0.0328
0.0695
0.1132
0.1181
0.0984
0.0561
0.0321
0.0492
0.0889
0.1228
0.1163
0.0772
0.038
0.0355
0.0681
0.1161
0.1375
0.1101
0.0609
0.0397
0.0577
0.1162
0.146
0.1461
0.1101
0.0612
0.0548
0.0947
0.1367
0.1564
0.1368
0.0794
0.0496
0.0549
0.1034
0.1409
0.1426
0.1022
0.0556
0.0463
0.0811
0.1248
0.1502
0.1312
0.0833
0.0462
0.06
0.1001
0.1428
0.1494
0.1093
0.0635
0.0451
0.0691
0.1093
0.1412
0.126
0.0799
0.0391
0.0399
0.0773
0.1139
0.1172
0.0842
0.0466
0.0271
0.0495
0.0888
0.1049
0.1034
0.0553
0.0267
0.0283
0.0575
0.0939
0.1033
0.0719
0.0393
0.0161
0.0311
0.0652
0.086
0.0705
0.0388
0.0123
0.0127
0.0362
0.054
0.0594
0.0379
0.0135
0.0054
0.0239
0.0497
0.0575
0.0442
0.0243
0.005
0.0104
0.0338
0.0515
0.0481
0.0254
0.0063
0.0016
0.016
0.0298
0.0328
0.022
0.0064
0.0006
0.0108
0.0327
0.0372
0.0297
0.0101
0.0015
0.0104
0.0325
0.0438
0.0388
0.021
0.0029
0.0033
0.0226
0.0418
0.041
0.025
0.0053
0.003
0.0211
0.0436
0.0549
0.0405
0.0191
0.0066
0.0208
0.0511
0.0747
0.0736
0.0426
0.0166
0.0154
0.0418
0.0752
0.0844
0.0665
0.0335
0.0138
0.0275
0.0658
0.0975
0.0883
0.0544
0.0241
0.0291
0.0581
0.1009
0.1194
0.0915
0.0526
0.0327
0.0528
0.0952
0.1264
0.1221
0.0834
0.0455
0.0372
0.0817
0.12
0.1362
0.113
0.0718
0.0419
0.057
0.0988
0.1396
0.1374
0.0941
0.0557
0.0474
0.0861
0.1334
0.159
0.1258
0.0764
0.053
0.0632
0.1158
0.1592
0.1568
0.1171
0.0691
0.051
0.0794
0.1209
0.1462
0.1223
0.0735
0.0399
0.0563
0.0878
0.1323
0.131
0.0958
0.0552
0.0411
0.0716
0.1249
0.1393
0.1278
0.0806
0.0455
0.047
0.0802
0.1234
0.1248
0.091
0.0448
0.0239
0.0442
0.081
0.1007
0.0883
0.0529
0.0247
0.0261
0.0579
0.0883
0.0967
0.0687
0.0353
0.0172
0.0333
0.0697
0.0896
0.0758
0.0417
0.0136
0.0142
0.0337
0.0593
0.0607
0.0414
0.0131
0.0041
0.0173
0.0428
0.0534
0.0418
0.0199
0.0023
0.0102
0.0309
0.0449
0.0468
0.0245
0.0052
0.0028
0.0182
0.0341
0.0389
0.0246
0.0068
0.0002
0.0086
0.0262
0.0359
0.023
0.0081
0.0001
0.0094
0.0271
0.0403
0.0359
0.0132
0.002
0.0091
0.0277
0.0502
0.046
0.0319
0.0077
0.0044
0.0237
0.0408
0.0519
0.0389
0.0147
0.0036
0.0156
0.0407
0.0648
0.0604
0.0368
0.0125
0.0169
0.0482
0.0805
0.092
0.0697
0.038
0.0206
0.0391
0.0707
0.099
0.0869
0.0607
0.0271
0.0238
0.0539
0.0953
0.1068
0.0758
0.0411
0.0268
0.0505
0.0957
0.1286
0.1185
0.0831
0.043
0.0484
0.0833
0.1321
0.1457
0.1203
0.0702
0.042
0.0548
0.0973
0.1357
0.124
0.0906
0.0467
0.043
0.0788
0.1338
0.1507
0.1254
0.0769
0.0467
0.0659
0.1133
0.158
0.1451
0.1088
0.0621
0.0513
0.0835
0.1281
0.1589
0.1255
0.0795
0.0489
0.0519
0.0947
