0.001
0.0189
0.076
0.142
0.2062
0.2395
0.2205
0.1615
0.0937
0.0293
0.0001
0.0226
0.0876
0.1671
0.2435
0.2646
0.2353
0.1697
0.0847
0.0246
0.0001
0.0275
0.0978
0.1833
0.2647
0.2875
0.2693
0.1941
0.1038
0.0284
0.0038
0.0474
0.1388
0.2487
0.3262
0.3293
0.2731
0.1765
0.0811
0.016
0.0121
0.0688
0.1691
0.275
0.3382
0.3359
0.2704
0.1663
0.0643
0.0136
0.0266
0.1026
0.2228
0.3127
0.3714
0.341
0.2437
0.1259
0.0386
0.0057
0.0432
0.1336
0.2305
0.3046
0.3236
0.2865
0.1849
0.0899
0.0239
0.0056
0.051
0.1425
0.2412
0.3009
0.3088
0.2577
0.1659
0.0647
0.0068
0.01
0.0658
0.1439
0.2222
0.2679
0.2502
0.1953
0.1211
0.0473
0.005
0.0069
0.0482
0.1317
0.1999
0.2431
0.2409
0.1948
0.1187
0.0422
0.0031
0.0107
0.0516
0.1286
0.1918
0.2225
0.2151
0.182
0.1106
0.0475
0.0072
0.0044
0.0489
0.116
0.1933
0.242
0.2577
0.2124
0.1298
0.055
0.0063
0.0087
0.0653
0.1514
0.2242
0.2726
0.2665
0.2085
0.1265
0.0535
0.0051
0.0164
0.0796
0.167
0.2567
0.3097
0.3147
0.2369
0.1446
0.0488
0.0069
0.0368
0.1192
0.2325
0.3141
0.3476
0.304
0.2162
0.1019
0.0295
0.0067
0.0524
0.1421
0.2545
0.328
0.3447
0.2994
0.1952
0.0932
0.0229
0.0145
0.077
0.1891
0.2933
0.3572
0.3371
0.265
0.1486
0.0493
0.0057
0.0235
0.0926
0.1969
0.2706
0.3045
0.2811
0.2036
0.1146
0.0345
0.0024
0.0276
0.0998
0.1994
0.2728
0.2889
0.2577
0.1798
0.0847
0.0198
0.0017
0.0354
0.1089
0.1835
0.228
0.2453
0.2024
0.147
0.0725
0.0192
0.0005
0.0282
0.0876
0.1624
0.2239
0.2414
0.2116
0.153
0.075
0.0178
0.0008
0.0309
0.0904
0.1546
0.2092
0.2307
0.2038
0.1517
0.0831
0.026
0.0001
0.0241
0.089
0.173
0.2467
0.2797
0.2584
0.1749
0.0941
0.0238
0.0026
0.0443
0.1254
0.2158
0.2804
0.2972
0.2559
0.1766
0.0808
0.0161
0.0069
0.0572
0.151
0.2604
0.3345
0.3516
0.285
0.1807
0.0741
0.0131
0.0251
0.0957
0.209
0.3134
0.3566
0.3215
0.2392
0.1362
0.0471
0.0058
0.0357
0.1178
0.2244
0.3132
0.3562
0.316
0.2278
0.1157
0.0308
0.0108
0.0581
0.1615
0.2588
0.3248
0.3252
0.263
0.1668
0.0703
0.0101
0.0101
0.0608
0.1496
0.2393
0.2791
0.2811
0.2221
0.1397
0.0594
0.0074
0.0123
0.0696
0.1578
0.2288
0.272
0.2529
0.1933
0.1075
0.0381
0.0018
0.0138
0.0647
0.1313
0.1943
0.2217
0.2242
0.1764
0.1144
0.046
0.0049
0.0083
0.0562
0.1247
0.2007
0.2393
0.2365
0.183
0.1142
0.0435
0.0026
0.0085
0.0549
0.1289
0.1983
0.249
0.2392
0.205
0.129
0.051
0.0053
0.009
0.0646
0.1532
0.2573
0.3068
0.2934
0.2231
0.1327
0.0415
0.0032
0.0266
0.0933
0.1983
0.2877
0.3191
0.2939
0.2112
0.114
0.0349
0.0055
0.04
0.1278
0.2371
0.3306
0.353
0.3116
0.2091
0.1063
0.0241
0.0168
0.0769
0.1788
0.2851
0.3386
0.3424
0.2691
0.1657
0.0695
0.0087
0.0166
0.0901
0.1846
0.2798
0.3435
0.3182
0.2518
0.1388
0.0414
0.0054
0.0362
0.1189
0.2099
0.2922
0.3011
0.2649
0.1799
0.087
0.0191
0.0012
0.0348
0.1058
0.192
0.2487
0.2703
0.2356
0.163
0.0776
0.0178
0.0008
0.0414
0.1125
0.1895
0.2389
0.2381
