0.2379
0.2229
0.1832
0.1387
0.1038
0.0933
0.1224
0.1509
0.2007
0.2361
0.2205
0.19
0.1381
0.0977
0.0823
0.0877
0.119
0.1503
0.1755
0.1787
0.16
0.1196
0.076
0.0462
0.0447
0.0608
0.0917
0.114
0.1266
0.1143
0.0843
0.0506
0.0263
0.0153
0.0247
0.0417
0.0573
0.0675
0.0585
0.0455
0.0257
0.0098
0.001
0.0018
0.0068
0.0158
0.0171
0.0176
0.0158
0.0117
0.0108
0.009
0.0095
0.0091
0.0085
0.0039
0.0012
0.002
0.0093
0.0239
0.035
0.0485
0.0485
0.0363
0.0222
0.0116
0.0093
0.024
0.0492
0.0814
0.1009
0.1012
0.0899
0.0681
0.0431
0.0331
0.0452
0.0797
0.1174
0.1499
0.1657
0.1527
0.1245
0.0923
0.0731
0.0718
0.096
0.1483
0.1915
0.2212
0.2185
0.1741
0.1347
0.1055
0.0901
0.1157
0.1473
0.2015
0.2338
0.2325
0.216
0.1748
0.1276
0.1058
0.1062
0.1407
0.1928
0.2226
0.2373
0.2274
0.1805
0.1321
0.0964
0.0827
0.1032
0.1373
0.1752
0.2018
0.2016
0.1641
0.1172
0.0789
0.0622
0.0632
0.0901
0.1216
0.1431
0.1456
0.126
0.0848
0.0524
0.0304
0.0236
0.034
0.0615
0.0756
0.081
0.0742
0.0507
0.0307
0.011
0.0036
0.0058
0.0186
0.0308
0.0304
0.0321
0.0277
0.0134
0.0054
0.0025
0.0051
0.0063
0.0059
0.0058
0.0044
0.0048
0.0113
0.0195
0.0304
0.0359
0.0306
0.0212
0.0086
0.002
0.0064
0.0212
0.0435
0.0663
0.0831
0.0752
0.0643
0.0462
0.0284
0.0256
0.0466
0.0746
0.1122
0.1453
0.1434
0.1315
0.1009
0.0711
0.058
0.071
0.103
0.1443
0.1782
0.1998
0.1894
0.147
0.1115
0.0911
0.0842
0.1118
0.1595
0.2134
0.2422
0.2395
0.205
0.1632
0.1217
0.1019
0.1208
0.1629
0.2087
0.236
0.2433
0.213
0.1693
0.1173
0.0918
0.0921
0.1231
0.1568
0.2001
0.213
0.2074
0.1665
0.1216
0.079
0.0735
0.0834
0.1172
0.1514
0.164
0.1591
0.1351
0.0888
0.0561
0.0339
0.0341
0.059
0.0837
0.0964
0.1042
0.0837
0.0595
0.0338
0.014
0.0094
0.0166
0.0331
0.045
0.0522
0.0426
0.0319
0.0157
0.0035
0.0002
0.0013
0.007
0.0102
0.0115
0.0102
0.0099
0.0096
0.015
0.0168
0.0174
0.0172
0.0092
0.0032
0.0002
0.0058
0.0187
0.0356
0.0543
0.0621
0.0611
0.048
0.0279
0.0144
0.0202
0.042
0.0691
0.1031
0.1128
0.1203
0.1
0.0718
0.0474
0.044
0.0592
0.1018
0.137
0.1728
0.1918
0.1638
0.1282
0.0981
0.0828
0.0888
0.1274
0.1802
0.2142
0.2246
0.2218
0.178
0.1343
0.1011
0.0964
0.1212
0.1644
0.2101
0.2343
0.2432
0.2111
0.1605
0.1142
0.0991
0.1138
0.1469
0.1954
0.2369
0.2353
0.2098
0.1625
0.1127
0.0761
0.0768
0.0959
0.1309
0.1633
0.1738
0.169
0.1268
0.0894
0.0582
0.0445
0.0574
0.0893
0.1149
0.1347
0.1322
0.0985
0.0658
0.0363
0.0205
0.0199
0.0345
0.0519
0.064
0.0627
0.0498
0.0333
0.0155
0.0038
0.0
0.0034
0.0113
0.0204
0.0203
0.0228
0.0149
0.0109
0.0064
0.007
0.0085
0.0082
0.0066
0.0034
0.0006
0.0061
0.0165
0.0339
0.0461
0.0505
0.0444
0.0258
0.0102
0.0075
0.0174
0.0384
0.0615
0.0834
0.0941
0.0887
0.0695
0.0471
0.031
0.0353
0.0605
0.1016
0.1454
0.1664
0.1654
0.147
0.1082
0.0783
0.0714
0.0872
0.1259
0.1731
0.2051
0.216
0.1823
0.1467
0.1092
0.0895
