0.2631
0.2653
0.2819
0.309
0.3082
0.2891
0.2531
0.2502
0.2632
0.3076
0.3246
0.3059
0.2729
0.2483
0.2554
0.281
0.3053
0.3183
0.3049
0.2738
0.2546
0.2485
0.2708
0.3068
0.3115
0.2909
0.2589
0.2517
0.2677
0.2941
0.3119
0.3015
0.2775
0.2585
0.2481
0.2766
0.3074
0.3194
0.3082
0.2749
0.2442
0.2375
0.2648
0.312
0.33
0.3065
0.2746
0.2497
0.2588
0.2786
0.3084
0.304
0.2915
0.2665
0.2546
0.2661
0.2889
0.3129
0.3083
0.2711
0.2483
0.2377
0.2773
0.3134
0.3322
0.3075
0.2595
0.2412
0.2513
0.2765
0.3159
0.3193
0.3043
0.2751
0.2461
0.2505
0.2787
0.3065
0.3162
0.2915
0.2658
0.2518
0.2689
0.3061
0.3122
0.2998
0.2634
0.2446
0.2531
0.282
0.312
0.3182
0.3115
0.2733
0.2449
0.2428
0.2827
0.329
0.3335
0.2993
0.2641
0.2442
0.2609
0.2904
0.3066
0.3039
0.2838
0.2645
0.2571
0.2572
0.2995
0.3139
0.3003
0.2666
0.2412
0.2499
0.287
0.317
0.3277
0.2918
0.2572
0.2411
0.2551
0.2916
0.3022
0.3242
0.2996
0.2663
0.246
0.2559
0.2865
0.3098
0.3138
0.2904
0.2477
0.2543
0.2755
0.3029
0.312
0.3004
0.2709
0.257
0.2577
0.2819
0.3102
0.3247
0.3049
0.2616
0.2424
0.2477
0.2763
0.3087
0.326
0.2989
0.2704
0.2509
0.2511
0.2886
0.2992
0.3
0.2825
0.2712
0.2671
0.2689
0.2886
0.3053
0.294
0.2703
0.2509
0.2537
0.2851
0.3175
0.3253
0.294
0.2601
0.2473
0.2524
0.2809
0.2983
0.3248
0.3008
0.2604
0.2505
0.2496
0.2784
0.3142
0.3085
0.2838
0.2562
0.2406
0.2707
0.3061
0.309
0.2929
0.2674
0.2526
0.2516
0.2836
0.3195
0.3158
0.3038
0.2626
0.2334
0.2449
0.2874
0.3315
0.3312
0.2988
0.2551
0.2451
0.2629
0.2824
0.3173
0.3022
0.284
0.2584
0.2486
0.2682
0.3021
0.3116
0.302
0.2618
0.2429
0.2573
0.2878
0.3217
0.3236
0.2921
0.2556
0.2445
0.2449
0.2842
0.3149
0.3195
0.2931
0.2619
0.2327
0.2577
0.294
0.3143
0.309
0.2852
0.2536
0.2598
0.2738
0.3115
0.3092
0.2917
0.2682
0.2534
0.2532
0.2839
0.3154
0.319
0.3024
0.2601
0.2254
0.2546
0.2906
0.3231
0.3202
0.2939
0.2639
0.2482
0.2599
0.2877
0.2959
0.3034
0.2786
0.2695
0.2504
0.2725
0.3146
0.3148
0.2949
0.2656
0.241
0.2562
0.298
0.3179
0.3102
0.284
0.2551
0.2464
0.2602
0.2922
0.313
0.3165
0.3015
0.261
0.241
0.2689
0.2872
0.3131
0.3095
0.2759
0.2576
0.2607
0.2875
0.3036
0.3043
0.2878
0.2662
0.2519
0.2587
0.286
0.3138
0.3237
0.2931
0.2488
0.2383
0.2549
0.3037
0.3187
0.3064
0.2841
0.2657
0.2481
0.2693
0.285
0.3
0.3037
0.2838
0.2675
0.25
0.2705
0.3066
0.3236
0.2984
0.2629
0.2444
0.2554
0.2983
0.3218
0.32
0.2795
0.2564
0.2367
0.2523
0.2871
0.3186
0.3316
0.2988
0.2517
0.2478
0.2519
0.2931
0.3206
0.3026
0.2761
0.2532
0.2658
0.2882
0.3025
0.3095
0.2953
0.2608
0.2477
0.2574
0.29
0.3226
0.3248
0.2815
0.2508
0.2332
0.2609
0.2948
0.3246
0.3024
0.2828
0.2558
0.2529
0.2613
0.2861
0.311
0.313
0.2889
0.2537
0.2583
0.2767
0.3149
0.3149
0.2945
0.2509
0.2416
0.2702
0.3025
0.3241
0.3225
0.2855
0.254
0.2434
0.2558
0.2928
0.3207
0.3222
0.2871
0.2435
0.237
0.2692
