0.0278
0.0411
0.0622
0.0857
0.1074
0.122
0.112
0.0901
0.0556
0.0372
0.0287
0.0358
0.0621
0.1002
0.122
0.1335
0.1196
0.1024
0.0715
0.0455
0.038
0.0557
0.0794
0.1107
0.1446
0.1436
0.1243
0.1019
0.0695
0.0483
0.046
0.062
0.0946
0.1257
0.1594
0.1686
0.1422
0.107
0.0739
0.0547
0.0555
0.0764
0.1135
0.1474
0.1671
0.1642
0.1385
0.1022
0.0658
0.0547
0.0587
0.0843
0.1222
0.1565
0.1819
0.1618
0.1318
0.0994
0.0702
0.0556
0.065
0.0892
0.1287
0.1521
0.1655
0.1458
0.1135
0.0737
0.0506
0.0476
0.056
0.0947
0.127
0.1464
0.1568
0.1355
0.1021
0.0661
0.0444
0.0401
0.0613
0.0914
0.1176
0.1338
0.1277
0.1084
0.0826
0.0542
0.0373
0.0354
0.0482
0.0846
0.1141
0.129
0.1225
0.1104
0.0772
0.0465
0.0324
0.0312
0.0489
0.076
0.1028
0.1151
0.1107
0.0949
0.0721
0.0468
0.03
0.0338
0.0486
0.0825
0.1098
0.1319
0.1277
0.1082
0.0763
0.0516
0.0366
0.0385
0.0587
0.0918
0.1203
0.1316
0.1393
0.1183
0.0818
0.0569
0.0456
0.0469
0.0747
0.1163
0.1397
0.1608
0.1457
0.1211
0.0856
0.0625
0.0524
0.0608
0.089
0.1234
0.158
0.1653
0.1506
0.126
0.0896
0.065
0.0558
0.0771
0.1102
0.1435
0.1704
0.1703
0.1492
0.119
0.0801
0.0578
0.0527
0.0774
0.106
0.1415
0.1643
0.1635
0.1345
0.1027
0.073
0.0554
0.0576
0.0807
0.1153
0.1432
0.1609
0.1516
0.1185
0.0848
0.0533
0.0405
0.0501
0.0788
0.1073
0.1306
0.1333
0.1301
0.1019
0.0756
0.0441
0.0385
0.0476
0.0701
0.1036
0.122
0.1246
0.1136
0.0884
0.0573
0.0332
0.0282
0.0385
0.0703
0.094
0.1099
0.1197
0.1115
0.0903
0.0574
0.0361
0.0334
0.0446
0.0679
0.0954
0.1193
0.1257
0.1112
0.0821
0.0617
0.042
0.0318
0.0439
0.0667
0.1031
0.1259
0.136
0.1262
0.0999
0.0723
0.0449
0.0394
0.0599
0.0839
0.1239
0.1421
0.148
0.132
0.0966
0.0731
0.0472
0.0489
0.0728
0.1034
0.1325
0.1599
0.1614
0.1378
0.1125
0.0799
0.06
0.0591
0.0868
0.1238
0.1521
0.1658
0.1571
0.1319
0.0965
0.0742
0.0548
0.0625
0.0852
0.1302
0.1622
0.1711
0.1565
0.1272
0.0942
0.0657
0.0562
0.0687
0.0986
0.1297
0.1519
0.1533
0.1337
0.1028
0.0713
0.0475
0.0458
0.0652
0.0955
0.1238
0.1444
0.1489
0.1239
0.0951
0.0601
0.0427
0.0395
0.058
0.0946
0.1108
0.1274
0.1217
0.0996
0.0791
0.0487
0.0315
0.0347
0.0542
0.082
0.1088
0.1237
0.1254
0.0999
0.077
0.0444
0.0353
0.0329
0.052
0.0819
0.1041
0.1172
0.1143
0.1001
0.0705
0.0491
0.034
0.0349
0.0579
0.0823
0.1132
0.1283
0.1255
0.1068
0.0784
0.0529
0.0409
0.0459
0.0695
0.099
0.1251
0.1433
0.1315
0.1102
0.0887
0.0559
0.0492
0.0545
0.0915
0.1187
0.1515
0.1626
0.1504
0.1284
0.0868
0.0604
0.0487
0.0646
0.0941
0.1233
0.1527
0.1681
0.154
0.1178
0.0891
0.0643
0.0582
0.0822
0.1112
0.1513
0.1682
0.1721
0.1415
0.1065
0.0809
0.0557
0.0552
0.0754
0.113
0.1421
0.1571
0.1558
0.1287
0.1
0.0698
0.0489
0.0593
0.0816
0.1077
0.1383
0.1524
0.1473
0.11
0.0743
0.0501
0.0401
0.0477
0.0692
0.0989
0.1295
0.1381
0.1183
0.1021
0.0686
0.0444
0.0329
0.0454
0.075
0.1034
0.1194
0.1238
