0.2903
0.1879
0.0261
0.0348
0.2052
0.2812
0.1668
0.0121
0.0479
0.2223
0.2742
0.1403
0.0052
0.0699
0.2335
0.2708
0.1151
0.0013
0.0925
0.2639
0.2569
0.1011
0.0008
0.1104
0.268
0.2525
0.0793
0.0036
0.128
0.2646
0.2165
0.0576
0.0088
0.1502
0.2821
0.2134
0.0398
0.0203
0.1777
0.2936
0.1972
0.029
0.0302
0.2
0.2913
0.1752
0.0191
0.0472
0.2119
0.2764
0.1509
0.0067
0.0616
0.2208
0.2649
0.1198
0.0016
0.0893
0.2583
0.2769
0.1084
0.0019
0.0957
0.2637
0.2566
0.0951
0.0008
0.117
0.2696
0.2236
0.0645
0.0065
0.1343
0.2732
0.2075
0.0457
0.0141
0.1754
0.3023
0.2038
0.0375
0.0248
0.1843
0.2893
0.1831
0.0229
0.0352
0.2027
0.2798
0.1578
0.0103
0.0546
0.2207
0.2669
0.1303
0.0033
0.0819
0.2443
0.2797
0.1185
0.0021
0.0971
0.263
0.2558
0.0992
0.0012
0.11
0.2708
0.2353
0.0729
0.0039
0.1332
0.2766
0.2241
0.0506
0.0104
0.1583
0.2933
0.2191
0.0392
0.0196
0.1795
0.2944
0.1882
0.0269
0.03
0.1959
0.2821
0.1644
0.0127
0.0459
0.2137
0.2848
0.1432
0.0054
0.0765
0.2375
0.2822
0.1275
0.0029
0.085
0.2503
0.2676
0.1095
0.0004
0.1054
0.2645
0.2522
0.0853
0.0018
0.1245
0.2672
0.2283
0.0624
0.0081
0.1571
0.2837
0.2176
0.0426
0.0168
0.1614
0.2844
0.1998
0.0303
0.03
0.1934
0.2901
0.1813
0.019
0.0421
0.2039
0.2828
0.1525
0.0101
0.059
0.2253
0.2768
0.1249
0.0032
0.0763
0.2497
0.2741
0.1153
0.0014
0.0978
0.2517
0.2564
0.0923
0.0011
0.106
0.2616
0.2343
0.0674
0.0046
0.1344
0.2771
0.2196
0.0503
0.0147
0.1708
0.2833
0.2063
0.0389
0.0228
0.1848
0.2885
0.1953
0.0221
0.0303
0.1933
0.2795
0.1611
0.011
0.0504
0.2245
0.2793
0.1371
0.0051
0.0727
0.2426
0.2772
0.1243
0.0024
0.0821
0.2562
0.2733
0.0997
0.0005
0.1035
0.2518
0.2383
0.0722
0.0039
0.136
0.2789
0.2348
0.0536
0.0101
0.1631
0.2952
0.2157
0.0452
0.0175
0.1709
0.2928
0.2005
0.0296
0.028
0.1884
0.2795
0.1613
0.0151
0.0459
0.2208
0.278
0.1495
0.0067
0.0638
0.2394
0.2779
0.1382
0.0043
0.0764
0.2382
0.2665
0.1092
0.0006
0.0949
0.2545
0.2434
0.0815
0.0028
0.1233
0.2677
0.2422
0.068
0.0079
0.1476
0.2949
0.2288
0.0506
0.0122
0.1644
0.2869
0.2009
0.0349
0.0211
0.1812
0.2775
0.1766
0.0235
0.039
0.2013
0.2799
0.1586
0.0124
0.0558
0.2314
0.2814
0.1394
0.0058
0.0724
0.2508
0.2695
0.1158
0.0015
0.0903
0.2571
0.261
0.0975
0.0008
0.114
0.2723
0.2396
0.0691
0.0044
0.1317
0.2745
0.2303
0.0572
0.008
0.1533
0.2878
0.212
0.0374
0.0182
0.174
0.2833
0.1931
0.0252
0.0311
0.1938
0.287
0.1679
0.0126
0.049
0.2089
0.2849
0.1454
0.0083
0.0651
0.2443
0.2829
0.1268
0.0034
0.081
0.2548
0.2643
0.1126
0.0005
0.0992
0.2468
0.2492
0.0745
0.0019
0.1268
0.2788
0.2354
0.0615
0.0084
0.1476
0.2952
0.2272
0.0504
0.0135
0.1673
0.2895
0.1964
0.0354
0.0233
0.1785
0.2679
0.167
0.0192
0.0409
0.2111
0.2785
0.1578
0.0113
0.0586
0.2339
0.286
0.1379
0.0047
0.0631
0.2427
0.2636
0.1143
0.0011
0.0888
0.2502
0.2513
0.0838
0.0013
0.1176
0.269
0.2404
0.0739
0.0059
0.1473
