0.0813
0.0785
0.0743
0.0634
0.0536
0.0566
0.063
0.0664
0.0681
0.0755
0.0639
0.0596
0.053
0.0495
0.0448
0.0556
0.0638
0.0704
0.072
0.0748
0.0664
0.0616
0.0535
0.0568
0.0605
0.0735
0.0809
0.0792
0.0771
0.0713
0.0574
0.0541
0.0582
0.0551
0.065
0.0705
0.07
0.0686
0.0611
0.0529
0.0493
0.0464
0.0532
0.0549
0.0638
0.0677
0.072
0.071
0.061
0.0556
0.0547
0.0642
0.0731
0.0794
0.0863
0.0773
0.0734
0.0631
0.0566
0.0558
0.0638
0.0676
0.0715
0.0711
0.0659
0.0611
0.0484
0.0491
0.0463
0.0535
0.0625
0.0747
0.0727
0.0722
0.0629
0.0572
0.0551
0.057
0.0639
0.0701
0.0795
0.0798
0.0793
0.0706
0.0611
0.0602
0.057
0.059
0.0661
0.0741
0.0709
0.0659
0.0549
0.0537
0.0467
0.0494
0.0552
0.0643
0.067
0.074
0.0679
0.0669
0.0567
0.054
0.056
0.0679
0.0726
0.0805
0.0847
0.0779
0.0644
0.0605
0.0593
0.055
0.0595
0.0701
0.071
0.0747
0.0682
0.0549
0.0491
0.0472
0.0461
0.0504
0.0632
0.068
0.0729
0.0747
0.0678
0.0588
0.0564
0.0533
0.0593
0.0709
0.0804
0.0792
0.0716
0.0669
0.0622
0.0567
0.0536
0.0577
0.0674
0.0711
0.0691
0.065
0.0562
0.052
0.0505
0.0479
0.057
0.0605
0.0685
0.0712
0.0683
0.0627
0.0584
0.0525
0.0562
0.0631
0.075
0.0814
0.0784
0.0754
0.0667
0.0572
0.053
0.0553
0.0621
0.0636
0.0739
0.0728
0.0619
0.0573
0.0536
0.0491
0.0483
0.0543
0.065
0.0704
0.0722
0.0708
0.0666
0.0581
0.0564
0.0585
0.0654
0.0761
0.0798
0.087
0.0772
0.0665
0.0598
0.0565
0.0551
0.0606
0.0692
0.0717
0.072
0.0675
0.0559
0.0508
0.0481
0.0457
0.0533
0.0645
0.0725
0.0726
0.0699
0.0614
0.054
0.0542
0.0567
0.0641
0.0708
0.0745
0.0793
0.0789
0.0695
0.06
0.0545
0.0568
0.0617
0.0679
0.0676
0.0674
0.0663
0.0567
0.0517
0.0459
0.0504
0.0526
0.0677
0.073
0.0723
0.0756
0.06
0.0537
0.0559
0.0591
0.0655
0.0739
0.0827
0.0808
0.0734
0.0659
0.0604
0.0568
0.0624
0.0597
0.0735
0.072
0.0687
0.0661
0.0564
0.0473
0.0475
0.0511
0.0564
0.0627
0.0657
0.0728
0.0676
0.0598
0.0542
0.058
0.0563
0.062
0.073
0.0803
0.0804
0.0793
0.0698
0.0575
0.0594
0.0607
0.065
0.0752
0.071
0.0682
0.0694
0.0542
0.0498
0.047
0.0501
0.0539
0.0632
0.0734
0.0701
0.0677
0.0625
0.0516
0.0542
0.0614
0.0659
0.0779
0.0833
0.0837
0.0756
0.0612
0.0609
0.0562
0.0567
0.0633
0.0747
0.0742
0.0737
0.067
0.0556
0.0511
0.0432
0.0538
0.0593
0.0662
0.0714
0.0767
0.0666
0.0602
0.0553
0.0581
0.0561
0.0684
0.0773
0.08
0.0751
0.0738
0.0637
0.0603
0.0555
0.0561
0.0612
0.0666
0.0649
0.0722
0.0657
0.0598
0.0497
0.0452
0.0485
0.0575
0.0632
0.0751
0.0714
0.0639
0.0615
0.0564
0.0555
0.0553
0.0665
0.0765
0.0804
0.0807
0.0731
0.0619
0.0562
0.0527
0.0532
0.0624
0.0723
0.0733
0.0732
0.0649
0.055
0.0482
0.044
0.0528
0.0559
0.0619
0.0715
0.07
0.0713
0.0606
0.0499
0.0557
0.0596
0.0687
0.0724
0.0854
0.0744
0.0699
0.0608
0.0559
0.0506
0.0593
0.0608
0.0705
0.0734
0.0697
0.0648
0.0537
0.0491
0.0478
0.0515
0.0604
0.063
0.0733
0.0709
0.0648
0.0635
0.057
