0.0293
0.0319
0.0391
0.0439
0.0437
0.0357
0.0246
0.0244
0.0247
0.0293
0.0348
0.0331
0.0231
0.0178
0.0167
0.0229
0.0326
0.0336
0.0308
0.0258
0.022
0.029
0.0353
0.0431
0.0452
0.0382
0.0301
0.0265
0.0297
0.0417
0.0402
0.0405
0.0295
0.023
0.0221
0.0238
0.0279
0.0302
0.0289
0.0196
0.0187
0.0167
0.0216
0.032
0.0306
0.0278
0.0213
0.019
0.0233
0.0326
0.0434
0.0369
0.0328
0.0279
0.0239
0.0264
0.0344
0.0384
0.0327
0.026
0.019
0.0158
0.0207
0.0243
0.0268
0.0238
0.0198
0.0142
0.0139
0.0207
0.0277
0.0275
0.0257
0.021
0.0185
0.0218
0.028
0.0343
0.0346
0.0299
0.0268
0.0201
0.0255
0.0338
0.0387
0.0392
0.0275
0.0218
0.0159
0.024
0.0294
0.029
0.0232
0.0202
0.0125
0.0143
0.0206
0.026
0.0296
0.0289
0.0216
0.0177
0.0223
0.0325
0.0347
0.0371
0.0338
0.0257
0.0236
0.0294
0.0369
0.0404
0.0349
0.0316
0.0229
0.021
0.0255
0.0286
0.0333
0.0282
0.0215
0.0168
0.0171
0.0231
0.0319
0.0338
0.0291
0.0237
0.0224
0.027
0.034
0.043
0.0429
0.0361
0.0301
0.0302
0.0324
0.0391
0.0435
0.042
0.0348
0.026
0.025
0.0281
0.0333
0.0349
0.0295
0.0235
0.0176
0.0203
0.0274
0.0351
0.0311
0.0284
0.0231
0.0233
0.0271
0.0385
0.0428
0.0453
0.0367
0.0333
0.0303
0.033
0.0385
0.0415
0.0435
0.0324
0.0242
0.0254
0.0265
0.032
0.0313
0.0273
0.0229
0.0162
0.0196
0.0258
0.0321
0.0332
0.028
0.025
0.0223
0.0282
0.0371
0.0401
0.0413
0.0382
0.0275
0.0258
0.0335
0.0386
0.0427
0.0351
0.0288
0.0215
0.0204
0.0264
0.0305
0.0282
0.0213
0.0163
0.0145
0.0169
0.0232
0.0266
0.0298
0.0272
0.0199
0.0197
0.0236
0.0304
0.0396
0.0353
0.0288
0.0262
0.0244
0.0289
0.0346
0.0369
0.036
0.0251
0.0184
0.0196
0.0231
0.0258
0.0283
0.0228
0.016
0.0127
0.0153
0.0196
0.0263
0.0286
0.0229
0.0182
0.0195
0.0239
0.0274
0.039
0.0354
0.0309
0.0233
0.0211
0.027
0.0386
0.0372
0.0353
0.029
0.0216
0.0185
0.023
0.0285
0.031
0.0256
0.0173
0.0139
0.0193
0.021
0.0281
0.0309
0.0244
0.0202
0.0193
0.0261
0.0335
0.0371
0.0366
0.0341
0.0252
0.0285
0.0332
0.0399
0.04
0.0347
0.0301
0.0242
0.0185
0.0274
0.0324
0.0337
0.0253
0.0232
0.0154
0.0196
0.0248
0.0315
0.0331
0.0293
0.023
0.0238
0.0302
0.0376
0.0427
0.0434
0.0296
0.0267
0.0304
0.0339
0.0456
0.0426
0.0382
0.031
0.0239
0.0258
0.0296
0.0345
0.0345
0.0288
0.022
0.0182
0.022
0.0272
0.0344
0.035
0.028
0.0224
0.0228
0.0285
0.0411
0.0435
0.0427
0.0317
0.0261
0.0283
0.0368
0.0426
0.0444
0.0347
0.0313
0.0189
0.0211
0.0281
0.0363
0.0297
0.026
0.0198
0.0161
0.0172
0.0279
0.0295
0.0277
0.0253
0.0203
0.0227
0.031
0.0364
0.0418
0.0365
0.0282
0.0248
0.0259
0.0342
0.0376
0.0427
0.0321
0.0246
0.0179
0.0217
0.0267
0.0298
0.0267
0.023
0.0181
0.0134
0.0191
0.0231
0.0247
0.0282
0.024
0.0161
0.0192
0.0261
0.0312
0.0332
0.0355
0.0277
0.0235
0.0214
0.031
0.0362
0.0404
0.0292
0.0216
0.0175
0.0211
0.0245
0.0246
0.0285
0.024
0.0162
0.0141
0.0167
0.0245
0.0255
0.0299
0.0222
0.0162
0.0182
0.0279
