0.4059
0.3744
0.2703
0.1433
0.0426
0.0169
0.0654
0.1794
0.2936
0.3624
0.3825
0.3283
0.2136
0.0951
0.0237
0.0155
0.079
0.1843
0.2973
0.3633
0.365
0.2917
0.1739
0.0707
0.0116
0.0234
0.092
0.2059
0.2917
0.3243
0.2951
0.2211
0.1242
0.0433
0.0024
0.016
0.0782
0.1638
0.2463
0.3012
0.2765
0.2045
0.1207
0.0407
0.0018
0.0187
0.0839
0.1705
0.2435
0.2693
0.2461
0.1815
0.1039
0.039
0.0022
0.0114
0.0646
0.1527
0.2257
0.2779
0.2781
0.2225
0.1308
0.0472
0.0038
0.0198
0.0909
0.184
0.2658
0.3066
0.2879
0.2134
0.1262
0.0443
0.0032
0.0243
0.096
0.2111
0.3047
0.3372
0.3356
0.253
0.1408
0.0456
0.0129
0.0588
0.1553
0.2781
0.3661
0.3827
0.3285
0.2217
0.1095
0.0279
0.0161
0.0738
0.1719
0.2931
0.3759
0.3916
0.327
0.2148
0.0959
0.0257
0.031
0.1126
0.2316
0.354
0.408
0.3806
0.2847
0.1625
0.0557
0.0131
0.0391
0.1293
0.2393
0.3275
0.3672
0.3296
0.2325
0.1183
0.0413
0.0066
0.0455
0.1445
0.2504
0.3261
0.3401
0.2989
0.1992
0.0905
0.0191
0.0073
0.0551
0.1402
0.2231
0.2876
0.2878
0.2297
0.157
0.0723
0.012
0.0026
0.0462
0.1246
0.2122
0.2685
0.276
0.2346
0.1579
0.0661
0.0123
0.0051
0.0466
0.1234
0.2064
0.2633
0.2653
0.2268
0.1524
0.0733
0.0155
0.0023
0.04
0.1209
0.2182
0.2801
0.2979
0.2611
0.1817
0.0809
0.0168
0.0074
0.0636
0.1568
0.2571
0.3218
0.3255
0.2723
0.1673
0.0715
0.0141
0.0132
0.0783
0.1915
0.293
0.3657
0.3763
0.2961
0.1849
0.0766
0.0204
0.0376
0.1265
0.2537
0.3614
0.4034
0.3677
0.2586
0.1436
0.0471
0.0136
0.0507
0.1509
0.2658
0.3692
0.3916
0.3494
0.2415
0.1243
0.0301
0.0206
0.0866
0.203
0.3201
0.3872
0.3861
0.3117
0.1885
0.0718
0.015
0.0223
0.0927
0.1966
0.2833
0.3331
0.3256
0.2502
0.1522
0.0584
0.0067
0.0225
0.095
0.2009
0.3002
0.321
0.2911
0.2155
0.1077
0.0331
0.0006
0.0255
0.093
0.1771
0.2368
0.2667
0.2485
0.1879
0.1065
0.0354
0.0012
0.0173
0.0831
0.1737
0.2434
0.2878
0.2614
0.1863
0.1056
0.0319
0.0007
0.0208
0.0878
0.1603
0.2379
0.2734
0.2657
0.2035
0.119
0.0462
0.0027
0.0228
0.0976
0.1949
0.2904
0.3306
0.315
0.2281
0.1162
0.0372
0.0065
0.0448
0.13
0.2383
0.3299
0.3485
0.3091
0.2256
0.1203
0.0354
0.0125
0.0644
0.1701
0.2965
0.3841
0.4055
0.3375
0.2203
0.0995
0.0273
0.0302
0.1049
0.2271
0.3417
0.3968
0.3768
0.3001
0.1796
0.0702
0.0165
0.0332
0.1221
0.2371
0.3489
0.3956
0.3684
0.2711
0.1501
0.0491
0.0146
0.0558
0.1528
0.265
0.3571
0.3673
0.3164
0.204
0.0964
0.0213
0.0073
0.0587
0.1439
0.231
0.3024
0.3131
0.2532
0.1722
0.0755
0.0143
0.0073
0.0542
0.1506
0.2352
0.2964
0.2925
0.2244
0.1418
0.0556
0.0062
0.008
0.0543
0.1278
0.2093
0.2477
0.2577
0.2171
0.1514
0.0619
0.0119
0.004
0.0542
0.1348
0.2233
0.2798
0.293
0.2429
0.1493
0.066
0.0094
0.006
0.0536
0.1346
0.2178
0.2823
0.3046
0.2515
0.1689
0.0827
0.0179
0.011
0.0744
0.1828
0.2931
0.3553
0.3546
0.2826
0.1715
0.0685
0.015
0.028
0.1077
0.2187
0.3108
0.3747
0.3492
0.2692
0.1608
0.0608
0.0154
