0.2239
0.2152
0.1956
0.1787
0.1821
0.1905
0.2098
0.2161
0.2003
0.1761
0.1627
0.1675
0.1833
0.2023
0.1946
0.1846
0.1681
0.1574
0.1801
0.1957
0.2111
0.208
0.1929
0.1801
0.1789
0.2068
0.2201
0.2259
0.2239
0.1962
0.1763
0.1839
0.1895
0.2064
0.2126
0.1981
0.1752
0.1611
0.1679
0.1885
0.1976
0.1924
0.1839
0.1679
0.168
0.1786
0.2032
0.2202
0.2175
0.1992
0.1887
0.1904
0.1935
0.2132
0.2274
0.2181
0.1961
0.184
0.1866
0.1945
0.2087
0.2078
0.1997
0.178
0.1706
0.1793
0.1872
0.1946
0.2057
0.1818
0.1626
0.1757
0.1846
0.2026
0.2134
0.216
0.1976
0.1801
0.18
0.2044
0.2267
0.2358
0.2201
0.1977
0.1846
0.1877
0.2048
0.2183
0.2095
0.1995
0.1734
0.1581
0.1709
0.1887
0.2024
0.2035
0.1941
0.1691
0.1696
0.1796
0.2029
0.2179
0.2165
0.1896
0.1818
0.189
0.1985
0.2173
0.2252
0.2202
0.1948
0.1855
0.1849
0.1998
0.2134
0.2133
0.1905
0.1805
0.1768
0.1698
0.1888
0.2028
0.1952
0.1761
0.1691
0.1715
0.1803
0.1996
0.2098
0.2083
0.1891
0.1758
0.1873
0.2049
0.2213
0.2201
0.2165
0.1961
0.1838
0.1787
0.1954
0.2113
0.2069
0.1935
0.1776
0.1666
0.1718
0.19
0.2044
0.1961
0.1839
0.1692
0.1723
0.179
0.1942
0.2074
0.2089
0.1921
0.1781
0.1823
0.2041
0.2229
0.235
0.2166
0.1971
0.1846
0.1802
0.2073
0.2146
0.2094
0.1941
0.1712
0.1669
0.1797
0.192
0.2048
0.1928
0.1766
0.1676
0.1632
0.1832
0.2028
0.2129
0.2121
0.1903
0.1763
0.1892
0.2091
0.2135
0.2324
0.2128
0.1941
0.1838
0.1881
0.2033
0.2208
0.206
0.2023
0.1693
0.1657
0.1764
0.187
0.2025
0.1981
0.1842
0.1719
0.1682
0.186
0.2077
0.2157
0.2086
0.1876
0.1803
0.1873
0.1986
0.2196
0.2191
0.2126
0.1939
0.1868
0.191
0.2093
0.2171
0.2041
0.1874
0.176
0.1642
0.1761
0.1924
0.2005
0.1939
0.1753
0.1618
0.1638
0.1861
0.2019
0.2161
0.2077
0.194
0.1813
0.1914
0.2099
0.2203
0.2253
0.2194
0.1909
0.1825
0.1866
0.199
0.2189
0.2019
0.1894
0.173
0.1704
0.1764
0.193
0.2016
0.199
0.177
0.1656
0.1667
0.1883
0.2046
0.2152
0.2085
0.1973
0.1802
0.1918
0.2085
0.2257
0.22
0.2123
0.1897
0.181
0.1927
0.2056
0.2195
0.21
0.1871
0.1715
0.1666
0.1659
0.1905
0.1982
0.1915
0.1768
0.1638
0.1642
0.1823
0.2048
0.2065
0.2019
0.1886
0.1755
0.1933
0.2079
0.2256
0.2231
0.2124
0.188
0.1794
0.1879
0.2006
0.2139
0.2078
0.1896
0.1749
0.1636
0.1775
0.1904
0.2046
0.1919
0.1834
0.1656
0.1709
0.1902
0.2163
0.2081
0.2033
0.1851
0.1824
0.1861
0.2076
0.2218
0.2262
0.2129
0.1932
0.1869
0.1879
0.2062
0.2172
0.2061
0.1866
0.1665
0.1672
0.1745
0.1914
0.2043
0.1918
0.1729
0.1703
0.1723
0.1861
0.2065
0.2139
0.2149
0.1925
0.172
0.1948
0.2121
0.2233
0.228
0.2051
0.1852
0.1796
0.1845
0.2065
0.2176
0.2102
0.1862
0.1651
0.1678
0.1732
0.1975
0.2069
0.1959
0.1797
0.1605
0.1772
0.1933
0.2092
0.2176
0.1971
0.189
0.1772
0.1893
0.2135
0.2229
0.232
0.2093
0.1842
0.1853
0.1954
0.2081
0.2156
0.2025
0.1897
0.1719
0.1679
0.1858
0.1974
0.1997
0.1923
0.174
0.1658
0.1784
0.194
0.2038
0.2076
0.1986
