0.2578
0.2586
0.2823
0.301
0.3288
0.3205
0.3091
0.2727
0.2603
0.2576
0.2593
0.2809
0.2938
0.3122
0.3192
0.2997
0.282
0.2522
0.2481
0.2609
0.2818
0.2985
0.318
0.3103
0.2943
0.2828
0.2585
0.2496
0.2515
0.2846
0.2977
0.3135
0.3067
0.2991
0.2805
0.2584
0.2492
0.2503
0.2813
0.2985
0.3084
0.3129
0.2958
0.2782
0.2499
0.2536
0.2563
0.2762
0.3022
0.3098
0.3184
0.2982
0.2755
0.2671
0.2485
0.2616
0.2851
0.3015
0.3143
0.3133
0.2969
0.2744
0.259
0.2569
0.2624
0.2817
0.3023
0.3189
0.311
0.2944
0.2646
0.2595
0.24
0.2545
0.2894
0.3023
0.3212
0.32
0.2873
0.2748
0.251
0.2401
0.2568
0.2845
0.3031
0.3233
0.311
0.2928
0.2806
0.2594
0.2429
0.2514
0.2856
0.3073
0.3138
0.3112
0.2912
0.2799
0.2575
0.2498
0.2515
0.2862
0.3059
0.3199
0.3162
0.3005
0.2771
0.26
0.2507
0.2643
0.2843
0.3094
0.3195
0.3074
0.295
0.2665
0.2544
0.2445
0.2606
0.2913
0.303
0.3088
0.3156
0.2851
0.2767
0.2534
0.2527
0.2669
0.2794
0.2992
0.3194
0.3138
0.2961
0.2768
0.2528
0.247
0.2612
0.2808
0.2995
0.3108
0.2989
0.298
0.2808
0.2548
0.253
0.2624
0.2818
0.304
0.3126
0.3057
0.2907
0.2723
0.2535
0.2563
0.2629
0.2836
0.297
0.3174
0.3094
0.2896
0.2693
0.2547
0.254
0.2612
0.2873
0.3116
0.3174
0.3047
0.2835
0.2715
0.2578
0.2522
0.2586
0.287
0.3024
0.3103
0.3101
0.2899
0.2598
0.2537
0.2539
0.26
0.2836
0.3098
0.3191
0.313
0.2901
0.2604
0.2474
0.2508
0.2594
0.2921
0.3097
0.3155
0.3083
0.2957
0.2663
0.25
0.2522
0.2646
0.2917
0.3053
0.3202
0.3036
0.2879
0.2681
0.2518
0.2512
0.2586
0.28
0.3118
0.3172
0.3019
0.2865
0.2739
0.2534
0.253
0.2552
0.2873
0.31
0.3215
0.3075
0.287
0.2675
0.2534
0.2568
0.2694
0.2878
0.3012
0.3232
0.3086
0.297
0.2683
0.2584
0.2535
0.2604
0.2851
0.3008
0.3053
0.3134
0.3036
0.2675
0.2441
0.2583
0.271
0.2865
0.3063
0.3134
0.3084
0.289
0.2771
0.258
0.2528
0.2714
0.2911
0.3089
0.305
0.306
0.2918
0.2653
0.2454
0.2441
0.2646
0.2893
0.3106
0.3087
0.3091
0.2883
0.2734
0.2597
0.2609
0.265
0.2865
0.3123
0.3121
0.2999
0.2935
0.2638
0.2503
0.2543
0.267
0.2791
0.3171
0.3178
0.3113
0.2837
0.2655
0.256
0.2571
0.2708
0.2948
0.2939
0.3228
0.3028
0.2918
0.2498
0.2417
0.2576
0.2687
0.2925
0.3044
0.3112
0.3038
0.2784
0.2688
0.2463
0.2466
0.2751
0.291
0.3171
0.3244
0.3099
0.2822
0.2563
0.2567
0.247
0.2688
0.3077
0.3112
0.3106
0.3063
0.295
0.2675
0.2516
0.2452
0.2581
0.2879
0.3096
0.3181
0.3092
0.2782
0.2652
0.2536
0.2566
0.2649
0.2908
0.311
0.3125
0.3044
0.2709
0.2543
0.2531
0.253
0.2684
0.2818
0.3088
0.3151
0.3051
0.2807
0.2634
0.2576
0.2544
0.2755
0.2911
0.3158
0.3131
0.3034
0.2852
0.2621
0.2549
0.2619
0.2771
0.2903
0.3133
0.3064
0.2955
0.2916
0.2654
0.2495
0.2578
0.2693
0.2915
0.3108
0.313
0.3059
0.2822
0.2648
0.261
0.257
0.266
0.2974
0.3148
0.3069
0.2962
0.2846
0.2609
0.2553
0.2541
0.2636
0.2904
0.316
0.3107
0.3005
0.2749
0.2539
0.2533
0.2595
0.2736
0.2882
0.3142
