0.1146
0.1023
0.0664
0.0435
0.017
0.0222
0.0379
0.0616
0.0849
0.0966
0.083
0.0541
0.0326
0.0123
0.0138
0.0249
0.0519
0.0708
0.0855
0.0845
0.0681
0.0404
0.0229
0.0178
0.0325
0.0595
0.0844
0.0918
0.0793
0.062
0.0335
0.0121
0.0144
0.0251
0.0492
0.0624
0.0745
0.0655
0.0454
0.0219
0.0082
0.0085
0.0195
0.0382
0.0599
0.0751
0.0686
0.0462
0.0258
0.0108
0.0115
0.0276
0.0503
0.0709
0.0731
0.0668
0.0411
0.0188
0.0085
0.0132
0.0332
0.0507
0.0676
0.0708
0.056
0.0342
0.0185
0.0087
0.0122
0.0301
0.0519
0.0753
0.0785
0.0662
0.0475
0.0259
0.0128
0.019
0.0351
0.0709
0.0875
0.0949
0.0794
0.0514
0.03
0.0187
0.0247
0.0487
0.0774
0.0914
0.0931
0.0773
0.053
0.0275
0.0154
0.0183
0.042
0.0643
0.0904
0.0953
0.0823
0.0632
0.0351
0.0205
0.0237
0.041
0.0787
0.0952
0.1068
0.0903
0.0674
0.038
0.0211
0.0216
0.044
0.0696
0.0882
0.0929
0.077
0.048
0.0266
0.0131
0.013
0.0284
0.0492
0.0755
0.0819
0.0763
0.0502
0.0331
0.0151
0.0157
0.0345
0.0576
0.0811
0.0892
0.0775
0.0565
0.0264
0.0119
0.0162
0.0309
0.0559
0.0722
0.0629
0.0568
0.0359
0.0152
0.0062
0.0079
0.0225
0.0407
0.0595
0.0674
0.0595
0.0418
0.0188
0.0076
0.0127
0.0347
0.0601
0.0763
0.0802
0.0669
0.039
0.0198
0.0116
0.022
0.0445
0.0626
0.0743
0.0705
0.0528
0.0324
0.0158
0.0095
0.0161
0.0349
0.0605
0.0783
0.0844
0.0685
0.0506
0.0254
0.0181
0.0253
0.0492
0.0831
0.0955
0.0972
0.084
0.0473
0.0272
0.0184
0.0276
0.0511
0.0702
0.0901
0.0886
0.0747
0.0501
0.0258
0.0147
0.0216
0.0451
0.0762
0.0912
0.0988
0.0823
0.058
0.0333
0.0192
0.0225
0.0507
0.0803
0.0995
0.098
0.0823
0.0546
0.026
0.0176
0.0215
0.0402
0.0651
0.0844
0.083
0.0653
0.0447
0.0247
0.0123
0.0166
0.0355
0.0532
0.072
0.0803
0.0665
0.047
0.0231
0.0109
0.0151
0.0367
0.057
0.0717
0.0768
0.0657
0.0386
0.0164
0.0086
0.0168
0.0368
0.0526
0.0675
0.0661
0.0554
0.0303
0.0145
0.0049
0.0139
0.0296
0.0513
0.0602
0.0621
0.0508
0.0333
0.0158
0.0083
0.0178
0.0394
0.0627
0.0831
0.0777
0.0627
0.0364
0.0206
0.012
0.0254
0.053
0.0733
0.0828
0.0797
0.0567
0.0329
0.0124
0.0108
0.0221
0.0442
0.0707
0.083
0.079
0.0682
0.0427
0.0251
0.0192
0.0265
0.0551
0.0848
0.1035
0.1013
0.082
0.0539
0.0249
0.0216
0.0337
0.0583
0.0876
0.0997
0.0912
0.0661
0.0397
0.0214
0.0114
0.0221
0.0488
0.0713
0.0909
0.0923
0.0791
0.05
0.0309
0.0199
0.0277
0.0515
0.0812
0.098
0.0973
0.0779
0.0488
0.0222
0.012
0.0238
0.0436
0.0699
0.0759
0.0712
0.0554
0.038
0.0143
0.0092
0.0144
0.0326
0.0558
0.0704
0.0764
0.0629
0.0365
0.0206
0.0118
0.021
0.0439
0.0684
0.0815
0.0728
0.0577
0.03
0.0124
0.01
0.0205
0.0404
0.0567
0.0674
0.0614
0.0433
0.0225
0.011
0.0059
0.0166
0.0389
0.0577
0.0709
0.0739
0.0485
0.0312
0.0146
0.0135
0.0271
0.0498
0.0782
0.0838
0.0792
0.058
0.0303
0.0167
0.0177
0.0333
0.0539
0.0758
0.088
0.0782
0.0578
0.0306
0.0154
0.0158
0.0322
0.0576
0.076
0.0846
0.0858
0.0651
0.0386
0.0238
