0.0271
0.0561
0.1029
0.0989
0.0475
0.0197
0.0474
0.0892
0.0811
0.0329
0.0182
0.0558
0.0902
0.0773
0.0311
0.0263
0.0681
0.1067
0.081
0.0312
0.0349
0.0785
0.1082
0.0792
0.0279
0.0305
0.0747
0.0946
0.0595
0.019
0.0331
0.0755
0.0883
0.0502
0.018
0.0454
0.0897
0.1002
0.0521
0.0235
0.0533
0.1026
0.0976
0.0487
0.0201
0.0485
0.0893
0.0814
0.0366
0.0185
0.0556
0.0952
0.0726
0.0313
0.0271
0.0721
0.1006
0.0801
0.0328
0.0301
0.0756
0.1023
0.0748
0.0302
0.0309
0.0684
0.0931
0.0596
0.0189
0.0278
0.0714
0.0928
0.0559
0.019
0.038
0.0868
0.0947
0.0517
0.0212
0.0473
0.0958
0.1008
0.0567
0.0202
0.0488
0.0941
0.0912
0.0411
0.017
0.0514
0.0872
0.0782
0.0345
0.0211
0.0641
0.098
0.0748
0.0335
0.028
0.0763
0.1055
0.0761
0.0301
0.0307
0.0778
0.0994
0.0722
0.0236
0.0267
0.0718
0.0923
0.0593
0.0168
0.0346
0.0877
0.0936
0.0574
0.0229
0.0486
0.0968
0.1005
0.055
0.0265
0.0477
0.0963
0.0946
0.0433
0.0169
0.0454
0.0841
0.0778
0.0322
0.0175
0.0545
0.09
0.0757
0.0347
0.0295
0.0757
0.105
0.0857
0.036
0.0339
0.0759
0.1037
0.0687
0.0251
0.0219
0.0667
0.0915
0.0557
0.0192
0.031
0.0793
0.095
0.0529
0.0227
0.0469
0.1003
0.1056
0.0602
0.0299
0.0456
0.0976
0.0978
0.0469
0.016
0.0436
0.0878
0.0802
0.0366
0.0176
0.0535
0.0933
0.0821
0.0333
0.0253
0.0736
0.112
0.0921
0.0382
0.0289
0.0734
0.1004
0.0791
0.027
0.0219
0.0696
0.0874
0.0597
0.0189
0.0265
0.0755
0.0887
0.0625
0.0241
0.0389
0.0943
0.1089
0.0604
0.0252
0.0443
0.0929
0.0996
0.0511
0.0191
0.0466
0.0836
0.0828
0.0383
0.0174
0.0504
0.0919
0.083
0.0367
0.0207
0.0682
0.1048
0.0843
0.0389
0.026
0.072
0.1041
0.0805
0.0323
0.023
0.0697
0.0921
0.0685
0.0194
0.0269
0.0728
0.0921
0.0537
0.0186
0.0355
0.0898
0.0961
0.0572
0.0244
0.0441
0.0935
0.1021
0.062
0.021
0.0487
0.0883
0.0913
0.0395
0.0148
0.0453
0.0811
0.081
0.0332
0.0201
0.0605
0.1003
0.0859
0.0349
0.027
0.0728
0.1085
0.0877
0.0335
0.029
0.0693
0.1016
0.0733
0.0257
0.025
0.0707
0.0934
0.0589
0.0175
0.0322
0.0826
0.0968
0.0646
0.0231
0.0456
0.0945
0.104
0.0598
0.022
0.0475
0.0901
0.0872
0.0488
0.0199
0.0403
0.0885
0.0755
0.0333
0.0164
0.0549
0.0953
0.0824
0.0392
0.0272
0.0726
0.1059
0.0935
0.036
0.0275
0.0669
0.0948
0.0753
0.0284
0.0224
0.0676
0.0882
0.0588
0.0233
0.0323
0.0771
0.0964
0.0612
0.0294
0.0395
0.091
0.1065
0.0619
0.0255
0.0457
0.0928
0.0939
0.0508
0.0171
0.0378
0.0817
0.0829
0.0349
0.0151
0.0521
0.096
0.0899
0.0399
0.0264
0.0614
0.1102
0.0933
0.0418
0.0255
0.0659
0.1019
0.0761
0.0302
0.0206
0.0642
0.0872
0.062
0.0239
0.0262
0.0756
0.0987
0.0617
0.0239
0.0411
0.0881
0.0997
0.062
0.0237
0.0426
0.0921
0.0999
0.0534
0.0187
0.0437
0.0827
0.0844
0.042
0.0157
0.0512
0.0913
0.0848
0.0413
0.0223
0.0579
0.1074
0.0892
0.0408
0.0278
0.0636
0.1046
0.0878
0.0331
0.0221
0.0616
0.0931
0.069
0.0234
0.0246
0.0753
0.0903
0.0644
0.0225
0.0372
0.0777
0.1035
0.0668
