0.0459
0.0518
0.0641
0.0762
0.0766
0.073
0.0616
0.06
0.0642
0.0628
0.0616
0.056
0.0527
0.063
0.0768
0.0895
0.0877
0.066
0.0477
0.0411
0.0512
0.0749
0.0894
0.0792
0.0611
0.0483
0.0536
0.0712
0.0796
0.0754
0.0559
0.0376
0.0445
0.0692
0.1011
0.1061
0.0819
0.0549
0.0329
0.0424
0.0691
0.0956
0.1013
0.0717
0.0437
0.0416
0.0579
0.0854
0.1031
0.0755
0.0454
0.031
0.0418
0.0879
0.1142
0.1135
0.0791
0.0416
0.0276
0.0497
0.0851
0.1054
0.0944
0.0618
0.0381
0.0424
0.0708
0.1005
0.097
0.0734
0.0351
0.0265
0.0561
0.0984
0.1251
0.1181
0.0667
0.0296
0.0275
0.0574
0.0921
0.1126
0.0892
0.0544
0.0353
0.0499
0.0889
0.102
0.0867
0.055
0.0258
0.0366
0.0718
0.1095
0.1214
0.0915
0.0548
0.0307
0.0363
0.0704
0.099
0.1004
0.0784
0.0502
0.0458
0.0647
0.0843
0.0946
0.0725
0.0421
0.0331
0.0472
0.0835
0.1145
0.102
0.0772
0.0463
0.0336
0.046
0.0744
0.0884
0.0804
0.064
0.0528
0.0552
0.0667
0.0864
0.0723
0.0573
0.0452
0.0487
0.0658
0.085
0.0909
0.0827
0.0626
0.0465
0.0502
0.056
0.0727
0.0703
0.0672
0.0566
0.0628
0.0694
0.0738
0.0686
0.0589
0.0455
0.0516
0.0643
0.0744
0.0816
0.0677
0.0624
0.0571
0.06
0.0632
0.0636
0.0596
0.0509
0.0529
0.0666
0.0788
0.0858
0.0757
0.0556
0.0433
0.0471
0.0703
0.0833
0.0805
0.0716
0.0563
0.052
0.0638
0.0754
0.0805
0.066
0.041
0.0413
0.0579
0.0906
0.1136
0.0982
0.0643
0.0343
0.0327
0.0601
0.0854
0.1012
0.0796
0.0557
0.0436
0.0492
0.0778
0.0908
0.0836
0.054
0.035
0.0396
0.0744
0.1146
0.1237
0.0962
0.0506
0.0259
0.0361
0.075
0.1024
0.1124
0.0831
0.0431
0.0397
0.0594
0.089
0.0973
0.0834
0.0448
0.0272
0.0517
0.0907
0.1159
0.1191
0.0744
0.0375
0.0224
0.0513
0.0953
0.1224
0.106
0.0656
0.0354
0.0395
0.069
0.0986
0.1008
0.0699
0.0414
0.03
0.06
0.0905
0.1214
0.0973
0.0619
0.0252
0.0294
0.0638
0.101
0.1095
0.0886
0.0535
0.0383
0.0509
0.0824
0.0989
0.0869
0.0582
0.0367
0.0422
0.0674
0.0999
0.1096
0.0894
0.0517
0.0323
0.0422
0.0715
0.0909
0.0886
0.0724
0.0481
0.0485
0.0629
0.0806
0.0813
0.0663
0.0476
0.0391
0.0587
0.0834
0.0924
0.0939
0.0681
0.0453
0.0434
0.0552
0.0629
0.0696
0.0736
0.0676
0.066
0.0716
0.0733
0.071
0.061
0.0508
0.0467
0.06
0.0745
0.0867
0.0803
0.066
0.0563
0.0502
0.0576
0.0684
0.0644
0.0596
0.0568
0.0679
0.0786
0.0899
0.0764
0.0528
0.042
0.0457
0.0623
0.0875
0.0915
0.0776
0.0563
0.0452
0.0503
0.0681
0.079
0.0729
0.054
0.0409
0.0528
0.0808
0.0976
0.0923
0.0704
0.0408
0.0319
0.0568
0.089
0.1062
0.0996
0.0684
0.0395
0.0392
0.0681
0.0879
0.094
0.0679
0.0396
0.0348
0.0615
0.1019
0.1141
0.098
0.0598
0.0271
0.0274
0.0642
0.1023
0.1123
0.0877
0.0478
0.0323
0.0493
0.085
0.1019
0.091
0.0606
0.0285
0.0367
0.0819
0.1097
0.119
0.0992
0.0438
0.022
0.0364
0.0843
0.1143
0.113
0.0773
0.044
0.0341
0.059
0.0905
0.1076
0.0807
0.0473
0.0292
0.0536
0.0976
0.1241
0.1108
0.0725
0.0377
0.022
0.0496
0.0869
0.1171
0.1012
0.0669
