0.2268
0.2596
0.3032
0.3359
0.319
0.2739
0.2274
0.226
0.2714
0.3322
0.3598
0.3303
0.258
0.2105
0.2153
0.2655
0.3374
0.3638
0.332
0.2636
0.2208
0.2271
0.275
0.3265
0.3428
0.3048
0.2536
0.2324
0.2603
0.3049
0.3308
0.3211
0.269
0.2282
0.2174
0.2737
0.3462
0.36
0.3332
0.264
0.2132
0.2217
0.2797
0.3404
0.363
0.3317
0.2726
0.2272
0.2318
0.285
0.3223
0.3389
0.2875
0.2469
0.2323
0.2578
0.3107
0.3329
0.3191
0.2609
0.2218
0.2314
0.2718
0.3368
0.355
0.3254
0.2583
0.2115
0.2264
0.2783
0.3339
0.3563
0.3203
0.2619
0.2198
0.2329
0.2861
0.3261
0.3347
0.3048
0.2493
0.2351
0.2577
0.3039
0.3366
0.3155
0.2694
0.2263
0.2298
0.2884
0.3323
0.3643
0.3202
0.2605
0.2025
0.2219
0.2695
0.3344
0.3653
0.319
0.2657
0.2168
0.235
0.2829
0.3244
0.3323
0.2974
0.2514
0.2321
0.2548
0.3082
0.3396
0.3217
0.2588
0.2213
0.229
0.2807
0.34
0.3616
0.3242
0.2532
0.2124
0.2204
0.2723
0.3317
0.3637
0.321
0.2593
0.2168
0.2233
0.2835
0.3369
0.3379
0.2942
0.249
0.2311
0.2633
0.3238
0.3435
0.3173
0.2647
0.2248
0.2276
0.2781
0.3408
0.3572
0.3186
0.2494
0.2063
0.2251
0.2783
0.3475
0.362
0.3135
0.2557
0.2171
0.2323
0.288
0.3328
0.3389
0.2929
0.2385
0.2376
0.2709
0.3179
0.3346
0.3044
0.2519
0.2124
0.2359
0.2869
0.3525
0.3574
0.3135
0.2508
0.2047
0.2281
0.2927
0.3473
0.3568
0.3135
0.2543
0.2133
0.233
0.2917
0.344
0.3327
0.2778
0.2412
0.2305
0.2714
0.3163
0.338
0.307
0.2546
0.2194
0.2372
0.2875
0.3354
0.3622
0.3116
0.235
0.2068
0.2267
0.2947
0.3498
0.3583
0.3018
0.2519
0.218
0.244
0.2916
0.335
0.3265
0.281
0.2458
0.2341
0.2721
0.309
0.3387
0.3009
0.2518
0.2206
0.2383
0.2934
0.3478
0.3529
0.3018
0.2407
0.208
0.2316
0.2837
0.3507
0.3522
0.3089
0.2435
0.2202
0.2389
0.2929
0.3309
0.3367
0.2866
0.244
0.2418
0.2675
0.3197
0.3252
0.3049
0.2552
0.2184
0.2399
0.2938
0.3384
0.3547
0.311
0.2439
0.1987
0.2303
0.3044
0.3517
0.353
0.3118
0.244
0.2166
0.2405
0.2905
0.3391
0.3263
0.2817
0.2466
0.2321
0.2653
0.3283
0.3433
0.3074
0.2516
0.2126
0.2387
0.2949
0.348
0.3498
0.318
0.2359
0.2035
0.2289
0.2954
0.3469
0.3569
0.3072
0.2445
0.2128
0.2407
0.3033
0.3425
0.3307
0.2872
0.2355
0.2299
0.2722
0.3212
0.3486
0.3099
0.2508
0.2182
0.235
0.2995
0.3549
0.3451
0.3031
0.2297
0.19
0.2341
0.306
0.3593
0.3496
0.2961
0.237
0.2149
0.2486
0.2968
0.3407
0.3252
0.2764
0.234
0.2326
0.2833
0.3328
0.335
0.2959
0.2448
0.218
0.2472
0.3039
0.3512
0.3553
0.2915
0.2339
0.2057
0.2397
0.3051
0.3581
0.3531
0.297
0.2317
0.2171
0.2477
0.3147
0.3359
0.3244
0.2739
0.235
0.2399
0.2838
0.3211
0.3393
0.3017
0.241
0.2179
0.2476
0.3045
0.354
0.3553
0.2866
0.227
0.2103
0.2511
0.3187
0.3575
0.3385
0.2915
0.2413
0.2261
0.2511
0.3083
0.3443
0.3187
0.2726
0.2407
0.2384
0.2814
0.3271
0.329
0.2944
0.2469
0.2213
0.2548
0.3054
0.3506
0.348
0.2871
0.2238
0.2146
0.2433
0.2973
0.3566
0.3446
0.2928
0.2428
0.2256
0.2498
