0.3072
0.2455
0.1004
0.0059
0.0461
0.1862
0.311
0.3095
0.1831
0.0422
0.0101
0.1165
0.2638
0.327
0.2417
0.0953
0.0063
0.0456
0.1816
0.2975
0.2785
0.1644
0.0308
0.0085
0.1141
0.2535
0.3244
0.2354
0.0854
0.0038
0.0596
0.2083
0.2987
0.2702
0.1546
0.0234
0.0117
0.1206
0.2517
0.2966
0.2052
0.0735
0.001
0.0625
0.1969
0.2937
0.271
0.1323
0.0183
0.0163
0.1296
0.2643
0.2892
0.1911
0.0639
0.0002
0.0647
0.1995
0.2778
0.2381
0.1118
0.0115
0.0239
0.1396
0.2524
0.2723
0.1799
0.0508
0.0015
0.082
0.2146
0.2728
0.2243
0.0931
0.0046
0.0318
0.1551
0.2636
0.2542
0.1482
0.0321
0.0046
0.0949
0.2248
0.2903
0.217
0.0933
0.0035
0.044
0.1716
0.2762
0.2584
0.1321
0.0211
0.0106
0.1128
0.2455
0.2663
0.1876
0.0609
0.0003
0.0593
0.1895
0.2925
0.261
0.145
0.0192
0.0141
0.1284
0.2646
0.2877
0.1936
0.0612
0.0011
0.0718
0.2129
0.2953
0.2492
0.1143
0.0131
0.023
0.152
0.2741
0.2979
0.2028
0.0625
0.0025
0.083
0.2256
0.306
0.2582
0.1164
0.0118
0.0314
0.17
0.2966
0.2947
0.1779
0.049
0.0044
0.0938
0.2455
0.3193
0.2662
0.1199
0.0099
0.0347
0.1735
0.2981
0.309
0.1868
0.0432
0.006
0.104
0.2457
0.3249
0.2519
0.1059
0.007
0.0427
0.1859
0.2989
0.2918
0.182
0.0461
0.0065
0.1022
0.2549
0.3089
0.2363
0.0949
0.0043
0.049
0.1934
0.3157
0.2879
0.1638
0.0313
0.0094
0.1098
0.2527
0.3038
0.2357
0.0847
0.0037
0.0445
0.1831
0.2901
0.2778
0.1491
0.0229
0.0143
0.1312
0.2589
0.3143
0.2183
0.0707
0.0011
0.0564
0.191
0.2967
0.2622
0.1327
0.0214
0.0131
0.1168
0.2349
0.2763
0.1864
0.0561
0.0007
0.0735
0.203
0.2938
0.2415
0.1127
0.011
0.0243
0.1361
0.2691
0.2692
0.182
0.0515
0.0001
0.0769
0.1966
0.2675
0.2189
0.0934
0.0061
0.034
0.155
0.2617
0.2703
0.1595
0.0319
0.0058
0.0978
0.2124
0.2764
0.2108
0.0847
0.003
0.0337
0.1628
0.2535
0.2591
0.1482
0.0229
0.0097
0.1143
0.2436
0.2855
0.2034
0.074
0.002
0.0578
0.1795
0.2717
0.244
0.1315
0.0193
0.0155
0.1239
0.2537
0.285
0.2011
0.0605
0.0015
0.0734
0.2099
0.3043
0.2611
0.1243
0.0132
0.0209
0.1358
0.2605
0.2858
0.1854
0.0558
0.0014
0.0773
0.217
0.3012
0.2529
0.1202
0.0125
0.0323
0.1631
0.299
0.3119
0.2008
0.0565
0.0037
0.0898
0.2271
0.3046
0.24
0.1109
0.0092
0.0311
0.1584
0.2867
0.2951
0.1797
0.0468
0.0069
0.1023
0.256
0.3322
0.264
0.1175
0.0082
0.0437
0.1754
0.2802
0.2882
0.1705
0.0425
0.0054
0.0959
0.2461
0.3067
0.2343
0.1025
0.0063
0.0473
0.1855
0.3041
0.3
0.1748
0.0388
0.0088
0.1139
0.2445
0.3014
0.2238
0.0861
0.0018
0.0475
0.1765
0.2797
0.2725
0.1469
0.0265
0.0104
0.12
0.2567
0.3035
0.2262
0.076
0.0012
0.057
0.1895
0.274
0.2515
0.1322
0.0167
0.015
0.1225
0.2409
0.284
0.2011
0.0637
0.0004
0.0619
0.1996
0.2879
0.2449
0.1189
0.0131
0.0183
0.1263
0.239
0.2513
0.1644
0.0433
0.0022
0.0778
0.1988
0.2773
0.2289
0.1061
0.0081
0.0258
0.1467
0.2563
0.2568
0.1584
0.0377
0.0031
0.0852
0.2159
0.2653
0.1947
0.0751
0.0021
0.0436
0.1686
