0.0091
0.0082
0.0036
0.0026
0.0057
0.017
0.0248
0.0334
0.0343
0.0233
0.0143
0.0057
0.0046
0.0137
0.0362
0.0563
0.0746
0.0758
0.0692
0.0434
0.0316
0.0189
0.0322
0.0575
0.0933
0.1261
0.1445
0.1374
0.1125
0.0843
0.0652
0.0653
0.0948
0.1398
0.1741
0.2098
0.2045
0.1662
0.1229
0.0888
0.0744
0.1014
0.1397
0.1814
0.2111
0.2281
0.2047
0.1618
0.1291
0.1046
0.1094
0.1481
0.1922
0.2406
0.2509
0.2336
0.2019
0.1466
0.1079
0.0977
0.1185
0.1558
0.1897
0.2044
0.1946
0.1562
0.1162
0.0803
0.0621
0.0716
0.0995
0.1307
0.1546
0.1661
0.1466
0.1101
0.0742
0.0476
0.039
0.0597
0.0807
0.1022
0.1062
0.0898
0.0572
0.0341
0.0133
0.0054
0.0102
0.0263
0.0343
0.037
0.0399
0.0337
0.0201
0.0074
0.0016
0.0007
0.0054
0.0087
0.014
0.0117
0.0116
0.0056
0.007
0.0128
0.0197
0.0191
0.0183
0.0069
0.0018
0.0031
0.0139
0.0324
0.052
0.0674
0.0642
0.0502
0.0278
0.0184
0.0145
0.0291
0.0555
0.0832
0.1143
0.1173
0.1011
0.0847
0.0627
0.0409
0.0551
0.0838
0.133
0.1731
0.1901
0.1778
0.1449
0.1082
0.0823
0.089
0.1081
0.1595
0.2025
0.2248
0.2226
0.1856
0.143
0.106
0.096
0.1112
0.148
0.197
0.2319
0.2407
0.2175
0.1768
0.1379
0.1029
0.1065
0.1334
0.1767
0.223
0.2304
0.2193
0.1756
0.1312
0.0954
0.0762
0.0942
0.1304
0.161
0.179
0.1779
0.138
0.1023
0.0619
0.0366
0.0503
0.0707
0.0976
0.1214
0.1242
0.1046
0.0745
0.0451
0.0216
0.0197
0.0316
0.0488
0.0667
0.0626
0.0543
0.0356
0.0167
0.0037
0.0002
0.0029
0.011
0.0162
0.0163
0.0144
0.0131
0.011
0.0098
0.0073
0.0089
0.0077
0.0073
0.0028
0.0012
0.002
0.0096
0.0224
0.0368
0.0412
0.042
0.0358
0.0225
0.0124
0.0131
0.0329
0.0631
0.0894
0.1048
0.1022
0.0844
0.06
0.039
0.0338
0.0511
0.0802
0.1143
0.1451
0.1499
0.1305
0.1079
0.0795
0.0627
0.0791
0.1139
0.1601
0.2065
0.2295
0.2169
0.1754
0.1346
0.1068
0.0987
0.1279
0.1688
0.2138
0.2295
0.2279
0.1961
0.1421
0.1158
0.0946
0.1062
0.1442
0.1832
0.226
0.2321
0.2156
0.1656
0.1334
0.0988
0.0945
0.1192
0.1656
0.1907
0.2059
0.1925
0.1492
0.1027
0.0678
0.0544
0.0627
0.0916
0.1232
0.1362
0.137
0.1127
0.0783
0.0437
0.0256
0.0258
0.0427
0.0698
0.0808
0.0839
0.0683
0.0484
0.0248
0.0082
0.0061
0.0127
0.0226
0.0314
0.031
0.0252
0.0183
0.0075
0.0031
0.0029
0.0071
0.0064
0.0074
0.0058
0.0041
0.0043
0.0129
0.0226
0.0244
0.0288
0.0252
0.0147
0.0061
0.0029
0.0075
0.0219
0.0448
0.0636
0.0786
0.0748
0.0677
0.0407
0.0301
0.0279
0.0507
0.0861
0.1243
0.1446
0.1382
0.1177
0.0871
0.06
0.0563
0.0753
0.1127
0.1491
0.1786
0.189
0.1691
0.1365
0.1035
0.084
0.092
0.1301
0.1801
0.2246
0.2468
0.2394
0.1942
0.1442
0.1172
0.1104
0.1316
0.1797
0.2129
0.2423
0.2195
0.1857
0.1347
0.0986
0.0837
0.0909
0.1243
0.1728
0.2045
0.2085
0.1926
0.1535
0.1128
0.084
0.0776
0.0993
0.1401
0.1697
0.1754
0.1602
0.1175
0.0812
0.0448
0.034
0.0436
0.0621
0.0813
0.0876
0.0884
0.0722
0.0479
0.026
0.0102
0.0098
0.0203
0.0361
0.0476
0.0543
0.0457
0.0257
