0.0003
0.0278
0.0985
0.1747
0.2591
0.2836
0.262
0.1939
0.1029
0.0319
0.0007
0.0268
0.1014
0.1895
0.2776
0.3026
0.2863
0.2134
0.1114
0.0344
0.0048
0.0387
0.1303
0.238
0.3201
0.3385
0.3066
0.2256
0.1154
0.0282
0.0113
0.0597
0.163
0.2861
0.3628
0.3809
0.3277
0.224
0.1096
0.028
0.023
0.1021
0.2122
0.336
0.404
0.4042
0.3168
0.1992
0.0783
0.0215
0.0443
0.1289
0.2504
0.3676
0.4139
0.3792
0.2855
0.1605
0.056
0.0167
0.0588
0.1554
0.2796
0.3718
0.3971
0.3433
0.2378
0.1152
0.0329
0.0109
0.0705
0.1652
0.2801
0.3449
0.349
0.2953
0.1867
0.0815
0.0137
0.0124
0.0742
0.1753
0.2634
0.3201
0.3119
0.2443
0.1515
0.0602
0.0062
0.0113
0.0676
0.1613
0.2403
0.2851
0.2749
0.2165
0.1373
0.0514
0.0051
0.0096
0.0636
0.1372
0.2212
0.2707
0.2715
0.2179
0.1377
0.0594
0.0068
0.0087
0.0607
0.145
0.2296
0.2963
0.2915
0.2396
0.1506
0.0643
0.0078
0.0129
0.0741
0.1687
0.2708
0.3236
0.3296
0.2565
0.162
0.0654
0.0124
0.0238
0.1029
0.2153
0.3251
0.3733
0.3624
0.2709
0.161
0.0586
0.0128
0.0476
0.1448
0.2628
0.3565
0.4077
0.3549
0.2597
0.138
0.0493
0.0207
0.0714
0.1906
0.3143
0.4055
0.4195
0.3587
0.2247
0.1118
0.0273
0.0278
0.1031
0.2087
0.326
0.3941
0.3858
0.3107
0.1846
0.0739
0.0171
0.0361
0.1182
0.2383
0.3329
0.3859
0.3477
0.2551
0.1333
0.0455
0.0088
0.0414
0.1313
0.2246
0.3088
0.322
0.2854
0.2101
0.1123
0.0272
0.0027
0.035
0.1121
0.2181
0.2846
0.3
0.2636
0.1854
0.0882
0.0187
0.0013
0.0315
0.1029
0.1898
0.2524
0.2734
0.244
0.1794
0.0872
0.0238
0.0005
0.0299
0.1027
0.2021
0.2624
0.2912
0.2647
0.1832
0.1013
0.0252
0.0018
0.033
0.1107
0.201
0.2792
0.3187
0.2832
0.2017
0.107
0.0314
0.0059
0.0524
0.1442
0.2688
0.3479
0.3591
0.3066
0.2131
0.099
0.0243
0.0133
0.0786
0.1877
0.3114
0.3826
0.3796
0.3235
0.1963
0.0917
0.0212
0.0308
0.1135
0.2432
0.3592
0.4185
0.3975
0.3025
0.1748
0.0648
0.0174
0.0499
0.1485
0.2774
0.3867
0.407
0.3629
0.2583
0.1361
0.0406
0.0168
0.0703
0.1789
0.296
0.3735
0.3719
0.31
0.2027
0.0936
0.021
0.0143
0.077
0.1819
0.291
0.3462
0.3387
0.2666
0.1686
0.0647
0.0098
0.015
0.082
0.1768
0.27
0.3043
0.2942
0.2212
0.1298
0.0465
0.003
0.0114
0.0676
0.1577
0.2363
0.2784
0.2731
0.2165
0.1308
0.0484
0.0039
0.0123
0.068
0.1512
0.2256
0.2768
0.2599
0.2053
0.1374
0.0504
0.0056
0.0102
0.0635
0.1578
0.2537
0.3127
0.3101
0.249
0.1488
0.0594
0.007
0.0225
0.0857
0.198
0.294
0.335
0.3185
0.2523
0.1482
0.0576
0.0105
0.0309
0.1208
0.2424
0.3403
0.3995
0.3638
0.27
0.143
0.0467
0.0144
0.0623
0.1667
0.2918
0.3773
0.3995
0.3492
0.2381
0.1212
0.0353
0.0197
0.0872
0.2066
0.3382
0.4145
0.4116
0.328
0.2076
0.0861
0.0215
0.033
0.118
0.2354
0.3399
0.3864
0.3613
0.2741
0.1541
0.0605
0.0104
0.0411
0.1332
0.2453
0.3372
0.3754
0.3348
0.2356
0.1233
0.0336
0.0055
0.0484
0.1333
0.2371
0.2997
0.3203
0.2727
0.1844
0.0924
0.02
0.0027
0.0411
0.1101
0.2172
0.2796
0.2913
