0.0503
0.0717
0.1188
0.1538
0.1423
0.0891
0.0494
0.0497
0.0947
0.1428
0.1476
0.1073
0.0549
0.0455
0.069
0.1291
0.1522
0.1377
0.086
0.0533
0.0683
0.1063
0.1543
0.1642
0.1259
0.0732
0.0538
0.091
0.1381
0.1557
0.1341
0.0834
0.0556
0.0702
0.1211
0.1632
0.1609
0.1161
0.0631
0.061
0.1017
0.1566
0.173
0.1387
0.0832
0.062
0.0753
0.1365
0.1707
0.1694
0.1168
0.0717
0.0711
0.1056
0.1628
0.1769
0.1387
0.0842
0.0617
0.0889
0.132
0.1721
0.1641
0.116
0.0669
0.0746
0.1206
0.166
0.1849
0.1554
0.099
0.0713
0.0993
0.1508
0.1833
0.1849
0.117
0.07
0.0691
0.1154
0.1562
0.1773
0.1308
0.0805
0.0608
0.1018
0.1473
0.1871
0.1666
0.114
0.0722
0.0812
0.1393
0.1896
0.1904
0.1424
0.0793
0.0653
0.0924
0.1439
0.1667
0.1425
0.0897
0.0561
0.0691
0.1137
0.1654
0.1654
0.1227
0.0787
0.0643
0.1062
0.1526
0.1829
0.1532
0.0923
0.0627
0.0701
0.115
0.1606
0.1557
0.1084
0.0602
0.0482
0.0848
0.1284
0.1582
0.1293
0.0787
0.0514
0.0714
0.1315
0.1561
0.1537
0.1079
0.0588
0.0524
0.0925
0.141
0.1538
0.12
0.0694
0.0456
0.0669
0.1125
0.1478
0.133
0.0925
0.0516
0.054
0.0995
0.1455
0.1492
0.1073
0.0632
0.0429
0.0749
0.132
0.1515
0.1342
0.0825
0.0523
0.0596
0.1016
0.1421
0.1553
0.1152
0.0658
0.0492
0.0848
0.1319
0.1619
0.1286
0.0793
0.0466
0.0636
0.1164
0.1595
0.146
0.1099
0.062
0.0596
0.0931
0.1483
0.1772
0.1434
0.0926
0.0589
0.0806
0.128
0.1729
0.1593
0.1107
0.0658
0.0571
0.1006
0.1509
0.1625
0.123
0.0834
0.0518
0.0912
0.1445
0.1765
0.1708
0.1202
0.0754
0.0715
0.1299
0.1808
0.1831
0.148
0.0871
0.0647
0.0863
0.1441
0.181
0.1578
0.1056
0.0603
0.073
0.121
0.1789
0.1893
0.1406
0.0948
0.0739
0.109
0.1697
0.1922
0.1767
0.1137
0.0719
0.0788
0.1232
0.1667
0.1726
0.1239
0.0767
0.0582
0.0931
0.1556
0.1796
0.159
0.1001
0.0707
0.0843
0.1293
0.1761
0.1772
0.1344
0.08
0.0673
0.1004
0.156
0.1761
0.1521
0.0945
0.0617
0.0734
0.128
0.1648
0.1589
0.1207
0.0672
0.0587
0.0914
0.1407
0.1617
0.1358
0.0861
0.0557
0.0748
0.1366
0.1651
0.158
0.1089
0.07
0.0623
0.1057
0.1514
0.1702
0.1299
0.0797
0.0487
0.0661
0.1214
0.1472
0.1446
0.0889
0.052
0.0533
0.1007
0.1462
0.1532
0.1173
0.0674
0.0565
0.0855
0.1368
0.1609
0.1457
0.0914
0.0525
0.0539
0.103
0.1409
0.1435
0.1034
0.0594
0.0442
0.0793
0.127
0.1539
0.1322
0.0834
0.0512
0.0742
0.1244
0.1618
0.1628
0.108
0.069
0.0555
0.0912
0.14
0.1528
0.1309
0.0754
0.0471
0.0705
0.1188
0.1584
0.1566
0.1
0.0631
0.061
0.1106
0.1594
0.1691
0.1388
0.086
0.0609
0.0886
0.1422
0.1795
0.164
0.1125
0.0641
0.0727
0.1162
0.1613
0.1806
0.1354
0.0826
0.06
0.0999
0.1538
0.1853
0.1611
0.1031
0.0672
0.0778
0.1221
0.1788
0.1768
0.1485
0.087
0.0718
0.1079
0.164
0.1942
0.1729
0.1189
0.0744
0.0816
0.1278
0.1785
0.1783
0.1327
0.0732
0.0675
0.0988
0.1562
0.1801
0.1578
0.1073
0.0742
0.0861
0.145
0.1991
0.1956
0.1472
0.0949
0.0782
0.1112
0.1737
0.1811
0.1553
0.0937
