0.0518
0.0479
0.0488
0.0431
0.0428
0.0479
0.0534
0.0708
0.0823
0.0954
0.0917
0.0928
0.0828
0.082
0.0805
0.0902
0.0918
0.0993
0.0988
0.0856
0.0664
0.055
0.0457
0.0447
0.0447
0.0464
0.0504
0.0525
0.0429
0.0466
0.0416
0.0444
0.0471
0.0561
0.0662
0.0856
0.092
0.0936
0.0906
0.0868
0.0867
0.0847
0.0864
0.0958
0.1027
0.0915
0.0811
0.0668
0.0569
0.0464
0.0406
0.0462
0.0456
0.0483
0.053
0.0483
0.0443
0.0416
0.0438
0.0485
0.0555
0.0687
0.0862
0.0925
0.0964
0.0944
0.0856
0.0842
0.0867
0.0923
0.0991
0.1026
0.0918
0.0803
0.0698
0.0577
0.0488
0.0417
0.0425
0.0446
0.0479
0.047
0.0438
0.0433
0.0437
0.0388
0.0405
0.0553
0.0714
0.084
0.1028
0.0957
0.0943
0.0857
0.0843
0.0845
0.0905
0.0948
0.103
0.0923
0.0813
0.0669
0.0551
0.0465
0.0425
0.0429
0.0467
0.0493
0.0508
0.0499
0.0445
0.0478
0.0414
0.0494
0.0574
0.0715
0.0867
0.0963
0.0967
0.0907
0.0924
0.0853
0.0812
0.0903
0.0971
0.0986
0.0932
0.0845
0.0704
0.0527
0.042
0.0413
0.0475
0.0442
0.048
0.0519
0.047
0.0423
0.0428
0.0402
0.0501
0.0603
0.0704
0.0862
0.0922
0.0998
0.0948
0.0842
0.0831
0.0807
0.0909
0.0907
0.0977
0.0928
0.0783
0.066
0.0496
0.0442
0.0418
0.0486
0.0523
0.0486
0.052
0.0467
0.0398
0.0412
0.0412
0.048
0.0585
0.0702
0.0846
0.0903
0.0903
0.0898
0.085
0.0808
0.0838
0.0959
0.0963
0.1003
0.0927
0.0786
0.0661
0.0558
0.0451
0.0417
0.0442
0.0483
0.0525
0.05
0.0488
0.0461
0.0421
0.0419
0.0468
0.0601
0.0736
0.0898
0.0879
0.092
0.092
0.0848
0.0828
0.0836
0.0847
0.0962
0.0961
0.0878
0.0804
0.0688
0.0539
0.0474
0.0423
0.0445
0.0478
0.0503
0.0483
0.0452
0.0408
0.0399
0.0433
0.0515
0.0624
0.0759
0.0866
0.0952
0.0954
0.0889
0.0826
0.0794
0.0852
0.091
0.102
0.0971
0.0912
0.0792
0.0665
0.0539
0.0447
0.0477
0.0438
0.0497
0.0506
0.0473
0.0461
0.0439
0.0413
0.0409
0.0435
0.0618
0.0712
0.0866
0.0961
0.0939
0.0887
0.0838
0.081
0.0829
0.0891
0.0936
0.1008
0.0903
0.0748
0.0657
0.0569
0.0476
0.0437
0.0472
0.0506
0.0505
0.0491
0.0471
0.0474
0.0408
0.0427
0.0497
0.0614
0.0753
0.0846
0.0948
0.094
0.0864
0.0786
0.0792
0.0843
0.0876
0.0995
0.0939
0.0927
0.0763
0.0663
0.0506
0.049
0.0406
0.0467
0.0496
0.0462
0.0498
0.0464
0.0428
0.0379
0.044
0.0522
0.0649
0.0734
0.0855
0.0947
0.0958
0.0891
0.0826
0.0796
0.082
0.0953
0.0992
0.0968
0.0925
0.0767
0.0593
0.0496
0.0477
0.0484
0.0497
0.0529
0.0506
0.0473
0.0472
0.0439
0.0413
0.0425
0.0517
0.0588
0.0739
0.089
0.0944
0.0924
0.0875
0.085
0.0777
0.0918
0.0938
0.0984
0.0987
0.0917
0.079
0.061
0.0537
0.0475
0.0463
0.0499
0.0501
0.0548
0.0507
0.0433
0.0437
0.0432
0.0412
0.0464
0.0571
0.0796
0.086
0.0911
0.0918
0.093
0.0793
0.0789
0.0841
0.0941
0.1016
0.0971
0.0938
0.0779
0.0594
0.0508
0.0521
0.0428
0.0523
0.0518
0.0504
0.0472
0.044
0.0444
0.0383
0.0392
0.047
0.0608
0.0757
0.0865
0.0962
0.0902
0.0864
0.0826
0.0775
0.0902
0.0939
0.0972
0.0998
0.0915
0.0704
0.0614
0.0503
