0.2716
0.1758
0.0196
0.0395
0.2073
0.2874
0.1592
0.0119
0.0538
0.2385
0.2905
0.1476
0.0067
0.0712
0.242
0.2751
0.1228
0.0021
0.0842
0.2448
0.2529
0.0944
0.0005
0.1119
0.2732
0.2429
0.0751
0.0041
0.1351
0.289
0.2468
0.0615
0.0086
0.149
0.2864
0.2015
0.0437
0.0169
0.1738
0.2723
0.1877
0.0231
0.0343
0.2001
0.2916
0.1723
0.0154
0.0509
0.2203
0.2981
0.1559
0.0096
0.0604
0.2406
0.2856
0.138
0.0033
0.0774
0.2488
0.2649
0.1107
0.0003
0.1066
0.2572
0.2536
0.0877
0.0021
0.1328
0.2794
0.2544
0.069
0.0056
0.1459
0.2942
0.2278
0.0493
0.0123
0.166
0.2766
0.1939
0.032
0.0252
0.187
0.2816
0.1771
0.0204
0.0406
0.2092
0.287
0.1669
0.0111
0.0569
0.229
0.292
0.1497
0.0045
0.0728
0.2394
0.2701
0.1158
0.0005
0.0907
0.2489
0.2581
0.0876
0.001
0.1203
0.27
0.2527
0.0741
0.0071
0.1437
0.2895
0.2373
0.06
0.0092
0.1539
0.2843
0.2078
0.04
0.0192
0.1776
0.2782
0.1859
0.0224
0.0383
0.2051
0.2836
0.1676
0.0137
0.0535
0.2342
0.295
0.1528
0.0091
0.0595
0.2263
0.2738
0.1234
0.002
0.0785
0.2472
0.2524
0.0953
0.0008
0.1114
0.2703
0.2561
0.0813
0.0042
0.1301
0.2889
0.2526
0.0661
0.008
0.1421
0.2813
0.2163
0.0487
0.0151
0.1693
0.2792
0.1912
0.0269
0.0316
0.1948
0.2899
0.1775
0.0196
0.0433
0.2194
0.2928
0.1706
0.0135
0.0533
0.2302
0.2771
0.136
0.004
0.0726
0.2361
0.2528
0.1063
0.0007
0.105
0.2687
0.2633
0.0896
0.0021
0.1249
0.2934
0.2533
0.0773
0.0046
0.133
0.2813
0.229
0.0559
0.0105
0.1574
0.276
0.2025
0.0343
0.022
0.186
0.2948
0.1791
0.0261
0.0366
0.2098
0.2895
0.1711
0.0144
0.0482
0.2195
0.2834
0.1425
0.0068
0.068
0.2349
0.2669
0.116
0.0007
0.0936
0.2523
0.2609
0.095
0.0013
0.1137
0.2828
0.2496
0.0818
0.003
0.1243
0.2816
0.2298
0.0623
0.0089
0.1508
0.2775
0.2128
0.0427
0.0186
0.1698
0.2837
0.1895
0.0267
0.0323
0.2107
0.2953
0.1802
0.0197
0.0457
0.2151
0.2933
0.1576
0.0115
0.0568
0.2286
0.2703
0.1288
0.0019
0.0802
0.2463
0.2579
0.0993
0.0008
0.1064
0.2737
0.2635
0.0889
0.0029
0.1296
0.282
0.2471
0.0706
0.0059
0.1405
0.2689
0.2181
0.0495
0.013
0.1598
0.2857
0.1877
0.0328
0.0284
0.2021
0.2898
0.1832
0.0218
0.0402
0.2133
0.2995
0.1682
0.0155
0.0489
0.2155
0.2724
0.1312
0.0043
0.0702
0.2316
0.2655
0.1077
0.001
0.1026
0.2644
0.2657
0.0961
0.0019
0.1142
0.2768
0.2536
0.0832
0.0022
0.1307
0.2776
0.2204
0.0559
0.0077
0.155
0.2872
0.2072
0.0348
0.0266
0.1921
0.296
0.1982
0.0264
0.0355
0.2038
0.2855
0.1791
0.0172
0.044
0.2118
0.2691
0.1446
0.0087
0.0624
0.2365
0.2612
0.1173
0.0018
0.0909
0.2632
0.2695
0.1026
0.0005
0.1087
0.2785
0.2619
0.0891
0.0017
0.1239
0.2654
0.2349
0.0655
0.0049
0.1484
0.2732
0.2202
0.043
0.0179
0.1793
0.2903
0.2038
0.0311
0.0294
0.204
0.3063
0.1889
0.021
0.041
0.2119
0.2896
0.1546
0.0111
0.0545
0.2293
0.2725
0.1304
0.0039
0.078
0.2431
0.2676
0.109
0.0007
0.1061
0.274
0.2663
0.0956
0.0016
0.1144
0.2796
0.2403
0.0696
0.0049
0.1381
