0.1097
0.0985
0.0764
0.0515
0.0309
0.0246
0.031
0.0566
0.0865
0.0958
0.1062
0.0878
0.0708
0.0378
0.0237
0.02
0.0353
0.058
0.0811
0.0929
0.0974
0.0796
0.0572
0.0296
0.0163
0.0185
0.0342
0.0563
0.0769
0.0829
0.0828
0.0619
0.0439
0.0234
0.0094
0.0131
0.0278
0.0498
0.0681
0.0796
0.0785
0.0544
0.0339
0.0174
0.0084
0.0122
0.0249
0.0451
0.0604
0.075
0.0675
0.0553
0.0334
0.0183
0.0088
0.0121
0.028
0.0435
0.0679
0.0759
0.0703
0.0584
0.0358
0.0206
0.0096
0.0154
0.0306
0.0503
0.0677
0.0824
0.0812
0.0614
0.0398
0.0223
0.0135
0.0236
0.0383
0.0689
0.0895
0.0919
0.0879
0.0659
0.0473
0.0238
0.0192
0.0278
0.0554
0.0784
0.1009
0.0981
0.0929
0.0697
0.0408
0.0255
0.0239
0.0363
0.0648
0.0919
0.1087
0.1021
0.0897
0.0706
0.0397
0.0255
0.0239
0.0442
0.0714
0.0981
0.1058
0.1046
0.078
0.0559
0.0323
0.0207
0.0268
0.0484
0.0727
0.0998
0.0959
0.0852
0.0683
0.0434
0.0238
0.0165
0.0239
0.0481
0.07
0.0857
0.0893
0.0769
0.0557
0.0339
0.0185
0.0126
0.0251
0.0426
0.0627
0.0767
0.0795
0.0642
0.0446
0.0268
0.0132
0.008
0.0213
0.0388
0.0566
0.0668
0.0705
0.0592
0.0439
0.0226
0.009
0.0097
0.0206
0.0357
0.0555
0.0651
0.0711
0.0622
0.0459
0.0239
0.0117
0.0117
0.0196
0.038
0.0599
0.0787
0.0805
0.0666
0.0484
0.0307
0.0147
0.0149
0.0294
0.0507
0.0707
0.0896
0.0926
0.0712
0.0548
0.0325
0.0204
0.0208
0.0387
0.0614
0.0812
0.0973
0.0983
0.0805
0.0548
0.0332
0.021
0.0302
0.0486
0.0756
0.0968
0.1047
0.0984
0.0812
0.0531
0.0321
0.0254
0.0338
0.059
0.0816
0.1069
0.107
0.0956
0.071
0.0506
0.0275
0.0258
0.0387
0.0637
0.0845
0.1035
0.1019
0.0834
0.0623
0.0347
0.0192
0.0227
0.0375
0.0634
0.0773
0.0915
0.0827
0.0743
0.0493
0.0248
0.0137
0.0189
0.031
0.0603
0.0738
0.0781
0.0763
0.0558
0.0398
0.0185
0.0112
0.016
0.0282
0.0491
0.0654
0.0684
0.0709
0.0533
0.0348
0.0168
0.0094
0.0128
0.0307
0.0471
0.0605
0.0727
0.0664
0.0536
0.0313
0.0179
0.0099
0.0135
0.0292
0.0461
0.0701
0.0719
0.0683
0.0553
0.0328
0.0189
0.0128
0.0182
0.0336
0.0547
0.0739
0.084
0.0787
0.0616
0.0388
0.0254
0.0177
0.0257
0.0461
0.0686
0.0873
0.0933
0.0862
0.0684
0.0396
0.0227
0.0195
0.0348
0.0519
0.0847
0.1012
0.1092
0.0871
0.0708
0.0446
0.0278
0.0249
0.0443
0.0654
0.0887
0.1107
0.1086
0.0898
0.0633
0.0391
0.0256
0.03
0.0485
0.072
0.0965
0.1055
0.1011
0.0803
0.0517
0.03
0.0252
0.0317
0.0532
0.0753
0.0926
0.0918
0.0847
0.0669
0.04
0.0214
0.0154
0.0296
0.0477
0.0691
0.0813
0.0829
0.0721
0.054
0.0298
0.0163
0.0158
0.0238
0.0436
0.0572
0.0762
0.0754
0.0628
0.0443
0.0239
0.0117
0.0095
0.0198
0.037
0.0535
0.0672
0.0732
0.0614
0.0406
0.0236
0.0093
0.0111
0.0225
0.0398
0.0597
0.0715
0.0729
0.0614
0.0438
0.0242
0.0122
0.0108
0.0222
0.046
0.0625
0.0806
0.0824
0.0705
0.0499
0.0287
0.0186
0.0179
0.0306
0.0518
0.0765
0.0865
0.0953
0.073
0.0498
0.0312
0.0215
0.0238
0.0438
0.0672
0.0922
0.1109
0.0957
0.0752
0.0551
0.0329
0.0227
